1628
4 1432 9738 9581 5630 
4 7446 92 4459 6399 
4 7469 4347 7552 5762 
4 4265 4264 817 7641 
4 4543 2014 783 9780 
4 2048 2063 7708 3962 
4 3959 770 7774 3850 
4 7810 7908 9824 3800 
4 5000 5385 1577 6775 
4 5291 5270 6795 9420 
4 6874 1566 5139 6906 
4 6712 5112 6987 5004 
4 722 7039 4934 6552 
4 1736 9441 7144 7169 
4 1790 7189 4748 4722 
4 1842 4603 7291 8691 
4 8490 3285 9918 8492 
4 701 494 8538 8575 
4 3206 8619 2404 3130 
4 9093 8680 2989 3277 
4 420 2975 2971 6271 
4 8795 9494 9061 1262 
4 2684 1300 8916 350 
4 8971 2593 2609 2273 
4 8005 3720 2217 1387 
4 8069 3551 9467 1244 
4 6276 2247 2258 8457 
4 1367 3460 8169 1363 
4 3288 8404 8362 3378 
4 8350 8225 8218 9517 
4 9428 9460 5933 6469 
4 6221 6327 1280 1257 
4 6383 6433 6267 6408 
4 9454 6594 9481 551 
4 7790 8046 663 8074 
4 8092 8102 8120 8207 
4 8249 7680 8403 8787 
4 8800 9067 375 8910 
4 8989 8993 7114 9417 
4 6736 6867 1072 6898 
4 6936 1011 7054 7082 
4 205 944 7226 929 
4 7312 882 857 9300 
4 246 4903 4497 102 
4 4687 3336 9725 1771 
4 4853 4889 3294 3390 
4 1739 4921 35 2341 
4 5016 3252 5116 5119 
4 1651 3436 9850 2223 
4 3652 2151 3836 3858 
4 4017 4072 2287 3282 
4 4207 2290 4275 4276 
4 1910 4432 4462 1879 
4 3230 6138 6116 1309 
4 6084 2618 1370 2655 
4 2677 2719 9567 5759 
4 5626 9953 2943 2465 
4 5475 5165 5414 5312 
4 5243 2986 5258 3185 
4 5381 1573 3441 2641 
4 2588 8192 8191 8514 
4 8520 3406 3461 3545 
4 8096 3550 6159 2643 
4 2369 8914 320 588 
4 8840 8280 2413 2764 
4 3380 8825 2317 539 
4 2853 2904 2991 6431 
4 6980 5186 1603 5319 
4 6722 6696 5477 5587 
4 6475 5590 5620 1500 
4 5062 6418 5629 1420 
4 1398 9998 6325 1380 
4 1251 1360 1342 6139 
4 7452 3576 8050 3766 
4 7941 3778 3831 2111 
4 3955 2005 7650 7589 
4 4241 655 7448 4493 
4 7338 4601 914 932 
4 7133 1719 7034 7021 
4 1014 9353 9388 155 
4 9169 9381 9923 9607 
4 73 15 9287 9116 
4 9125 9308 1493 2455 
4 4998 3682 6236 3571 
4 8512 3081 1468 1463 
4 3603 5634 5618 8765 
4 9939 1247 1245 2945 
4 6360 9290 7182 6043 
4 5857 7933 3377 9898 
4 4084 3384 8666 3387 
4 7450 9228 440 5999 
4 4114 3535 429 3197 
4 7348 9704 4008 7323 
4 4968 2017 6103 1792 
4 1795 4743 3533 6991 
4 3742 9740 2581 4536 
4 5221 1112 8054 8121 
4 5228 99 4593 7035 
4 7705 3931 4589 6878 
4 4576 8959 4541 743 
4 1828 563 5552 7811 
4 6503 7597 2507 1641 
4 9127 2638 8029 6710 
4 5202 2519 5440 7113 
4 1662 8300 1752 8574 
4 2286 9782 5818 3876 
4 9132 3435 470 1757 
4 2132 713 8587 3751 
4 8481 3198 5597 7575 
4 3732 8445 5069 5403 
4 524 5684 9113 3572 
4 8416 9817 116 52 
4 3755 528 3525 5394 
4 135 1457 7738 569 
4 9796 1748 6369 1123 
4 2832 6658 368 680 
4 2871 6461 9445 4680 
4 4310 1236 4686 7203 
4 9947 5878 9477 6295 
4 4749 6251 6855 4418 
4 1025 1893 9992 2640 
4 266 9395 8974 4580 
4 6303 1938 2721 7029 
4 1104 1940 1108 9967 
4 1950 2778 1776 6086 
4 4145 927 6048 1343 
4 9708 4111 4812 4130 
4 8271 7379 5971 8678 
4 7396 5937 8649 9537 
4 6182 1274 9317 9334 
4 4759 8226 6190 8217 
4 6217 3908 4349 1676 
4 4086 9147 1772 4755 
4 4999 1901 4180 4864 
4 8024 8188 1448 4039 
4 3970 4159 724 4760 
4 8157 5092 8041 8255 
4 1310 9455 9949 1241 
4 9480 6200 3094 3100 
4 167 3116 9351 8764 
4 3152 6066 3868 3215 
4 7376 7378 3245 9916 
4 2760 9012 1033 6916 
4 6909 9040 9980 8953 
4 9979 9412 7358 2767 
4 989 223 7107 2845 
4 6597 6523 1185 7160 
4 7503 9808 3829 3815 
4 9666 1617 9640 8428 
4 5447 5486 5555 5560 
4 3642 9112 3287 7477 
4 5826 3393 7455 9878 
4 1408 3459 779 7328 
4 5050 5405 6820 6872 
4 5033 6004 1017 5893 
4 5984 6970 9396 1769 
4 1379 1455 4872 1428 
4 4897 7244 6241 1434 
4 4941 4606 7053 7456 
4 5650 1169 8048 259 
4 1844 9509 7317 9940 
4 8467 625 8905 3699 
4 506 8483 8892 4051 
4 4253 8887 4152 4396 
4 3148 495 4199 3032 
4 4181 3056 4015 9783 
4 4024 8782 8693 3826 
4 4081 2145 2366 344 
4 2735 2753 3430 3319 
4 3957 4350 3960 8279 
4 2637 3490 4342 9053 
4 3388 125 2302 3404 
4 8515 1458 1456 9109 
4 5390 5735 9809 5230 
4 7754 7722 5354 5374 
4 9279 3556 3711 5565 
4 5571 3701 3627 3589 
4 5654 5673 6758 2491 
4 9442 2869 2865 6588 
4 1144 971 2844 9422 
4 981 6422 2780 6793 
4 6802 1089 8949 2679 
4 1019 2644 9997 7304 
4 9541 36 5976 9310 
4 8706 6061 6067 1325 
4 3151 8622 1314 9510 
4 3093 6194 2445 8843 
4 2923 6386 9452 4590 
4 8243 4454 4654 9191 
4 9758 4471 4304 7816 
4 4125 1785 9731 3979 
4 7837 4799 1855 8301 
4 4364 1730 4905 2069 
4 4166 7784 3921 5109 
4 6071 6608 841 3200 
4 4338 2040 1365 2984 
4 6667 4348 3236 3462 
4 7084 702 4869 718 
4 5704 9518 2815 4673 
4 5695 9925 7538 2037 
4 3190 6322 5930 9472 
4 2938 8184 5871 2965 
4 1255 8627 3359 7411 
4 9058 2851 2458 8705 
4 8315 6013 4068 4303 
4 9897 9064 2973 4597 
4 2276 2667 9831 2090 
4 7701 6092 2714 339 
4 6877 1067 5348 5344 
4 8973 9402 2670 4927 
4 9827 3779 6204 8385 
4 1048 7762 4745 7765 
4 747 8769 2130 276 
4 5143 8427 897 4201 
4 7242 7070 6732 1721 
4 1926 2078 3160 3709 
4 9049 7609 6091 7027 
4 1913 518 4499 3713 
4 8943 9288 7630 994 
4 6207 3036 2446 3071 
4 6164 397 1028 6729 
4 6954 2613 4420 1896 
4 2654 4395 330 2675 
4 4460 9170 8937 6768 
4 2777 2791 7073 4250 
4 4586 1126 2524 2822 
4 665 6515 8033 2914 
4 8025 1215 7193 1239 
4 387 9476 3456 9753 
4 5737 5738 479 5780 
4 843 1425 8402 8544 
4 4862 8285 2158 109 
4 5846 3946 7720 3659 
4 7619 2187 1520 3974 
4 3999 2197 5605 4003 
4 5843 3723 497 5434 
4 5679 721 3520 2053 
4 8723 2338 5288 9707 
4 5103 2032 426 2031 
4 7763 5858 7325 3162 
4 2015 1674 3872 3103 
4 7976 2004 707 5855 
4 454 1394 7930 8664 
4 1637 6895 9653 1680 
4 5500 4378 1069 5114 
4 1900 6879 5204 3733 
4 5307 5372 2099 5334 
4 6863 3740 6908 5248 
4 3770 5071 6041 3342 
4 1232 4831 9531 3264 
4 2350 3232 2992 4849 
4 3180 4730 2387 4744 
4 1312 3067 3143 5805 
4 5572 2542 9598 1486 
4 4067 5761 6555 2855 
4 5507 2868 2606 2893 
4 2894 4302 4624 9461 
4 7572 8295 861 8580 
4 488 7687 7505 8484 
4 7562 7428 9389 286 
4 535 8378 543 7582 
4 8352 7285 913 8921 
4 8125 8790 8234 7867 
4 9683 4383 5408 694 
4 4815 7874 4908 4909 
4 9688 7806 1630 5318 
4 7974 5301 7282 969 
4 6449 7161 6397 7199 
4 1242 9497 6238 6211 
4 5502 6165 9335 6032 
4 6001 7435 7437 9306 
4 5567 3139 3433 8589 
4 8621 2321 2322 8630 
4 8674 442 9924 3182 
4 3604 8802 2440 3010 
4 2478 8884 2497 9056 
4 8976 317 2027 9202 
4 661 4585 8088 1906 
4 4401 1816 1921 9756 
4 8216 679 4029 4021 
4 3986 9790 548 2135 
4 3725 8482 8489 1121 
4 7044 6978 6786 8847 
4 8324 3998 4836 5468 
4 2263 5506 5445 560 
4 1560 6813 9630 6362 
4 7940 8339 2768 4805 
4 8926 2547 1797 1051 
4 6465 2755 166 7601 
4 3421 5320 2880 1643 
4 3726 6717 8444 8414 
4 6896 758 7769 8394 
4 933 5089 8917 8869 
4 2119 5031 3920 2816 
4 9466 7280 7714 2482 
4 4970 2534 1098 9697 
4 1125 4162 7366 8262 
4 2414 3065 3231 2374 
4 4485 2625 8071 4476 
4 4472 104 4168 9077 
4 1417 90 647 852 
4 1991 7449 6626 5987 
4 8710 1446 5645 6502 
4 79 5667 4295 2394 
4 3351 4652 2034 3304 
4 4366 4587 7497 879 
4 1397 2403 5226 3183 
4 3609 5623 3631 6214 
4 7234 3661 5932 9657 
4 2496 3706 5955 3166 
4 5975 5459 2315 7563 
4 9103 2284 3767 2995 
4 474 1472 7537 7519 
4 830 3601 2261 7685 
4 9071 7468 3548 980 
4 2926 3098 5326 8885 
4 4073 7860 946 2093 
4 3967 3989 1760 951 
4 7947 6997 4776 2742 
4 4049 6883 2738 4719 
4 4751 4626 2710 1863 
4 4118 599 1875 1914 
4 1916 9034 4385 4261 
4 84 8126 9760 8178 
4 6287 7191 1710 8386 
4 3900 3886 547 4974 
4 6292 8358 8369 9801 
4 7846 5784 8656 3650 
4 8488 5775 29 445 
4 8057 9739 9915 4481 
4 2189 1657 4947 3140 
4 4324 4336 8182 3163 
4 4268 8460 8448 1894 
4 9167 4225 9001 7747 
4 751 5827 8704 4210 
4 1997 6995 4784 2113 
4 8317 3468 710 7912 
4 3592 9277 2114 8531 
4 3982 7707 5433 2256 
4 490 790 113 584 
4 8051 5716 100 5711 
4 6926 501 5687 2041 
4 6861 580 9676 3429 
4 7598 5564 9268 692 
4 4779 2438 6437 351 
4 8799 6335 2616 6486 
4 1272 6951 1246 6346 
4 8920 8909 6299 9373 
4 6424 3113 7354 6568 
4 6464 8841 2576 9937 
4 7188 1204 6317 3040 
4 9938 231 6601 8480 
4 4204 4190 8476 4071 
4 6047 7767 4061 2501 
4 5707 5154 2441 7506 
4 2639 9515 8072 5490 
4 7297 905 7004 2682 
4 46 7612 5425 9110 
4 7056 787 7331 9845 
4 1034 7141 212 664 
4 2487 9315 460 1600 
4 7012 9654 1659 2493 
4 1175 2559 7560 5656 
4 8341 9378 7205 8149 
4 4785 1697 1784 6657 
4 4824 7904 243 1419 
4 5988 4362 1779 7952 
4 6333 3814 7482 9919 
4 2434 9757 4772 6394 
4 3805 7181 2539 6893 
4 4278 7926 6385 7472 
4 5392 6349 2708 8349 
4 1780 354 731 7691 
4 6140 8060 1746 9705 
4 8066 9358 4101 705 
4 334 7294 5484 4765 
4 5283 8175 2833 9956 
4 2177 2867 5087 2761 
4 1193 925 2830 8357 
4 5065 8288 1823 1791 
4 9133 1702 8018 6218 
4 2494 4083 4803 6889 
4 8281 1715 8042 7269 
4 4984 7277 6532 6847 
4 2429 8718 1362 5708 
4 7006 5821 1927 8208 
4 4448 6587 8690 853 
4 7126 3005 1449 5743 
4 2430 7355 9033 4391 
4 813 4282 1390 873 
4 5525 3013 1482 9163 
4 5927 5659 416 7520 
4 5541 8290 345 3764 
4 755 2182 1660 8983 
4 6779 366 9492 2737 
4 3034 2896 6489 5144 
4 6941 8296 3317 5669 
4 685 7836 7173 1759 
4 8743 4878 2615 9231 
4 7935 6816 2073 6376 
4 6884 2787 8343 7158 
4 732 6298 1356 4800 
4 941 7195 8798 9242 
4 9674 6439 4382 3238 
4 8687 1798 4778 8935 
4 7214 8830 1281 4615 
4 1007 3397 2648 9743 
4 6589 6172 9983 1293 
4 9857 8871 9874 5402 
4 2958 8577 2960 6575 
4 5438 592 3514 5524 
4 5520 8980 4129 6115 
4 3465 4647 6911 7746 
4 4431 3653 5647 6598 
4 3537 2788 4023 991 
4 386 5232 8858 3014 
4 7838 8518 5990 2250 
4 9791 7955 9404 7817 
4 5411 408 7324 2209 
4 4183 4528 8260 624 
4 50 3128 8327 2396 
4 3507 3168 4319 1041 
4 7869 5532 2071 5911 
4 1629 4569 1945 7028 
4 340 5435 9216 5102 
4 285 6716 1675 9574 
4 2156 3594 3597 3776 
4 9141 5337 399 2849 
4 6624 2339 9095 9841 
4 9203 9587 7776 126 
4 3305 8261 4212 4397 
4 4213 4223 6785 7470 
4 6943 9766 8999 9408 
4 3569 2626 1156 4045 
4 4296 952 1173 9405 
4 7998 4368 1666 4189 
4 1030 4707 6695 8145 
4 7137 4087 4182 4346 
4 4332 1150 80 4033 
4 6672 2623 1786 4560 
4 353 7146 9185 247 
4 5076 7336 3524 9672 
4 5841 5830 7284 7702 
4 2183 2940 3710 8904 
4 6728 2362 5335 1682 
4 7485 7723 5269 9665 
4 1053 9909 2901 7351 
4 5314 891 5305 8623 
4 2214 3613 6113 1368 
4 3881 5880 6117 8846 
4 945 1392 2784 282 
4 3470 8922 7879 4881 
4 8335 3981 7676 4838 
4 878 1240 807 5039 
4 2118 5452 5011 1722 
4 3000 4991 4455 9777 
4 42 7303 4178 5638 
4 9579 7604 7644 8583 
4 9615 8925 1498 2416 
4 851 2421 6688 855 
4 9516 9304 8140 3184 
4 6665 6691 8724 4289 
4 3175 7422 9079 869 
4 1375 2346 6974 9292 
4 8818 8809 9177 8634 
4 8106 3291 5662 9088 
4 1441 1431 5797 3069 
4 5806 2624 8700 2139 
4 4085 8030 3910 4629 
4 7968 6791 9052 963 
4 5300 3855 3676 4682 
4 5497 3606 5249 7750 
4 3702 233 8896 6826 
4 8901 5194 5130 4753 
4 5152 8939 6355 712 
4 7910 4542 5455 2092 
4 2981 4817 4096 8856 
4 3538 9439 8055 7718 
4 557 6538 3599 1229 
4 3687 2528 1026 3964 
4 8307 3737 3952 9928 
4 1962 75 6892 2820 
4 2450 48 3512 4146 
4 3452 8266 2292 2979 
4 3418 8588 8510 2312 
4 6977 3605 9118 2449 
4 8982 585 8888 4203 
4 3345 1024 2195 3250 
4 2360 8294 8699 7402 
4 1919 5478 8111 8105 
4 1092 5093 4404 6089 
4 9184 4729 8091 9262 
4 6759 7728 7615 4643 
4 1264 5922 4510 1565 
4 6413 176 5923 1291 
4 7698 4380 1545 6030 
4 6689 7495 4900 6789 
4 9520 742 699 9639 
4 4809 5712 1692 9840 
4 1384 1604 9503 874 
4 2917 667 5562 8741 
4 8330 2233 232 484 
4 4552 3061 9875 8306 
4 3851 1782 7997 8308 
4 744 5431 890 310 
4 4075 7621 7798 6955 
4 9936 3976 1528 918 
4 564 6372 6642 5285 
4 7779 5284 7128 9911 
4 9293 9080 4945 8112 
4 9401 324 6609 98 
4 8852 6653 5795 4343 
4 4281 6798 2599 1128 
4 4316 6928 3923 8433 
4 9449 6992 4539 4526 
4 1389 4140 1670 9440 
4 5115 8590 8611 7023 
4 7440 5393 4171 7865 
4 5637 3372 6530 5022 
4 8421 3365 6011 3919 
4 9847 377 6173 6070 
4 8471 7775 985 5195 
4 129 5184 389 754 
4 1304 9668 6080 2454 
4 3630 122 3574 2477 
4 5110 3786 9504 3483 
4 748 6037 5084 7271 
4 5352 8496 9652 3575 
4 4105 5 6318 5953 
4 617 5519 6603 4677 
4 1834 9435 4566 7256 
4 4563 2354 657 6455 
4 6573 9558 824 3207 
4 8076 7566 4186 8946 
4 8948 2701 5787 1268 
4 4915 7232 5450 9562 
4 4866 8668 9482 3996 
4 3510 3954 1269 8146 
4 4007 7225 3937 7213 
4 9430 9619 2392 1481 
4 3241 7755 5703 5261 
4 7301 3303 5264 3688 
4 1334 3063 1354 6020 
4 1548 2236 1543 9522 
4 8162 2408 134 8565 
4 3369 5942 8755 5934 
4 5561 2448 3410 6910 
4 9391 816 1607 8070 
4 6946 4683 8364 6525 
4 8082 9805 6235 3938 
4 7076 4665 8360 749 
4 7157 5078 14 552 
4 6891 3874 1003 5034 
4 4612 265 1773 7996 
4 9416 3738 4242 2813 
4 2650 5126 2079 6572 
4 8459 1644 6564 8783 
4 9463 261 2188 1222 
4 1537 8558 2056 8014 
4 2800 9889 4056 6347 
4 8912 2319 9565 975 
4 4299 1451 1960 4326 
4 9025 7508 7009 6865 
4 4192 2574 5575 1414 
4 8958 5646 6482 4463 
4 8245 9142 6760 4117 
4 2774 7420 1596 5002 
4 5145 1709 5025 2913 
4 1689 3861 3739 5290 
4 5292 5037 2133 8408 
4 3833 3758 3832 2219 
4 5124 3771 9508 2856 
4 364 2266 2077 6268 
4 7885 9285 367 2257 
4 2180 369 1738 6122 
4 5421 5223 4315 6124 
4 3237 5810 7473 26 
4 5764 907 3003 19 
4 327 9994 2355 2998 
4 7115 5801 6646 438 
4 2915 2840 2826 3101 
4 3122 357 7390 5992 
4 6966 8902 1352 1349 
4 2779 8738 6145 6462 
4 9069 6027 8720 7147 
3 2383 1038 2748 
3 5868 5861 6505 
3 7353 6181 5501 
3 8504 3864 9642 
3 1572 4484 7905 
3 4169 1887 4437 
3 2146 8205 3432 
3 4424 43 4955 
3 3934 1903 8194 
3 3703 8390 4825 
3 8313 6900 6819 
3 9834 127 5216 
3 3489 2058 9273 
3 7780 3646 4835 
3 2150 5315 4854 
3 9913 1925 5648 
3 4321 996 9899 
3 5664 8337 1907 
3 3269 6780 105 
3 6663 892 3614 
3 1815 400 8020 
3 2846 772 8013 
3 4827 3298 6838 
3 7051 4931 6949 
3 2918 8370 6250 
3 8151 1301 1672 
3 6310 5142 9432 
3 4294 5159 9512 
3 5739 9343 7016 
3 447 2460 7487 
3 3289 1503 4329 
3 3649 2361 5546 
3 1373 4446 6546 
3 476 3448 2283 
3 6934 5935 7403 
3 1687 9893 7414 
3 2699 7240 8582 
3 6781 6561 1990 
3 3398 2646 5349 
3 6442 6931 3568 
3 3224 436 9195 
3 5396 95 6886 
3 716 9144 5075 
3 9702 9687 2255 
3 792 5465 9385 
3 4924 1957 9750 
3 1442 2617 1966 
3 4345 1143 7124 
3 9762 4219 6869 
3 6566 331 2729 
3 6521 4010 4154 
3 595 6440 8270 
3 1124 7080 1213 
3 6348 7999 6338 
3 2818 6324 3562 
3 7605 9627 2409 
3 2419 5415 5996 
3 7373 3554 5582 
3 7709 3045 3043 
3 6029 1592 9115 
3 6790 3221 7478 
3 6929 3249 5753 
3 5746 3284 5723 
3 5715 1052 5847 
3 3192 5867 3181 
3 6764 3403 5608 
3 1602 6907 21 
3 8450 6131 2969 
3 6219 1605 3735 
3 3007 1327 9671 
3 6059 2103 6056 
3 6894 8371 5802 
3 7548 9593 9989 
3 6247 9826 4256 
3 3320 8124 6191 
3 8127 8130 4270 
3 5706 3865 3234 
3 9364 8354 4901 
3 9501 3943 1 
3 6045 7143 4608 
3 4570 9727 4548 
3 2810 2763 4138 
3 9349 5997 3958 
3 5306 6501 9596 
3 6083 9835 5420 
3 3532 8550 8781 
3 8566 7576 8095 
3 9982 4820 4411 
3 1623 775 2194 
3 455 561 504 
3 141 66 2391 
3 1974 838 2109 
3 1698 363 2471 
3 810 1871 1933 
3 619 295 2443 
3 250 808 1163 
3 1905 3774 2530 
3 6801 8995 8669 
3 6755 1078 765 
3 762 469 9437 
3 6687 5358 2479 
3 3315 6641 3820 
3 5412 2972 3622 
3 8792 9485 7207 
3 4888 8829 3565 
3 9803 3640 2208 
3 3660 382 2244 
3 8688 7462 3683 
3 6975 7517 2724 
3 2792 1655 2796 
3 9104 9729 8708 
3 7635 434 9403 
3 6262 8007 9621 
3 1968 4277 3171 
3 4429 5768 2864 
3 5781 5799 2631 
3 681 5765 6100 
3 1981 6099 8107 
3 5866 2397 2003 
3 578 6062 9643 
3 9392 8283 2605 
3 6487 6599 3835 
3 6548 1531 9199 
3 6423 496 3260 
3 7918 8399 5655 
3 5660 9253 3948 
3 4119 3971 8181 
3 7352 8774 2021 
3 7295 614 612 
3 2838 4816 9781 
3 2468 7265 4433 
3 8526 2857 8269 
3 3638 3634 7979 
3 7593 785 9728 
3 2178 7587 4503 
3 2794 704 7591 
3 8016 7568 601 
3 7681 8719 715 
3 4540 8551 9763 
3 4568 7892 2001 
3 8966 5053 5054 
3 6388 9054 6979 
3 5091 5302 187 
3 6120 6135 5289 
3 2666 5185 6837 
3 6836 6169 9945 
3 254 1633 2704 
3 6249 3458 2336 
3 9377 9174 2744 
3 3598 6610 6625 
3 9130 2225 5580 
3 1328 4993 3366 
3 7049 7254 239 
3 8942 1421 5692 
3 3856 4353 119 
3 6286 2371 9219 
3 9424 3918 505 
3 7913 3066 8236 
3 5956 5974 5946 
3 1386 9352 4127 
3 5914 6044 5894 
3 4037 2067 2084 
3 3159 4005 8078 
3 5842 2630 3995 
3 9789 1294 8351 
3 3172 1459 1794 
3 5242 5224 1088 
3 2275 7620 1083 
3 5196 2270 8962 
3 5129 6810 7539 
3 8878 1008 4674 
3 2976 2970 8899 
3 3666 979 4756 
3 4492 7891 9160 
3 277 9563 9108 
3 6706 4844 8586 
3 7164 9872 1103 
3 9039 7288 8657 
3 1733 9867 3729 
3 581 3560 8292 
3 2902 8788 3077 
3 3552 3668 2076 
3 2262 3009 3501 
3 3204 9026 9244 
3 3925 9207 3374 
3 3283 3848 5138 
3 9677 4306 7967 
3 6771 4370 5193 
3 7831 2521 4436 
3 1070 1057 1626 
3 5111 7737 7046 
3 4531 832 4852 
3 4850 4700 4735 
3 7380 7370 5688 
3 4070 6025 4121 
3 5852 6106 5339 
3 5670 9926 6368 
3 6488 1544 2678 
3 5369 967 966 
3 3354 390 8848 
3 8844 4936 9792 
3 9493 2739 4873 
3 7263 2327 5874 
3 7287 4782 9090 
3 6014 1366 6679 
3 9066 9018 9005 
3 606 5432 5217 
3 1155 3392 6504 
3 5180 2690 4988 
3 5303 2316 1042 
3 6723 3528 1263 
3 7038 2249 5750 
3 1956 9544 4515 
3 8547 7893 2131 
3 3867 4341 2930 
3 2513 2850 8377 
3 4698 3975 4288 
3 1967 1977 8083 
3 8122 623 4142 
3 4115 4110 2174 
3 7341 4530 3731 
3 1860 7442 9513 
3 1489 9153 9249 
3 1758 6345 262 
3 9211 8023 6379 
3 1189 410 9180 
3 8017 6507 4274 
3 3675 4620 1402 
3 5967 8274 2411 
3 9355 4113 237 
3 7300 6072 8329 
3 1315 244 4035 
3 5748 1267 1826 
3 8099 8552 6807 
3 7866 3478 4408 
3 3481 4963 7794 
3 6888 7649 7787 
3 7760 7739 1005 
3 8598 2251 3741 
3 2171 7180 7498 
3 5012 7227 5367 
3 7599 5353 3953 
3 8391 553 3909 
3 7928 7645 8672 
3 503 3408 7909 
3 5256 2474 9658 
3 3033 9912 107 
3 2925 190 8436 
3 5675 1055 8522 
3 2097 5485 1539 
3 6057 5454 352 
3 8422 6019 9462 
3 235 5137 8963 
3 8647 1490 1225 
3 2967 1219 8807 
3 8817 1338 5036 
3 3714 4618 2557 
3 6406 6982 3068 
3 809 8838 475 
3 7625 6460 5521 
3 9138 9206 6684 
3 637 294 6734 
3 4216 5218 284 
3 8195 5201 7853 
3 7122 4795 2347 
3 4280 2860 9842 
3 4919 3358 5360 
3 9444 7062 4458 
3 1141 2523 3219 
3 1576 2291 7886 
3 1628 5407 1319 
3 1438 9975 1506 
3 8827 6105 3326 
3 2580 7089 7389 
3 9951 9017 856 
3 2269 9257 4234 
3 6660 138 2888 
3 4123 6683 2829 
3 5179 1645 2688 
3 8237 1109 6825 
3 6765 7873 5220 
3 9681 4317 7901 
3 1931 7679 1218 
3 2473 7570 162 
3 1018 8528 8505 
3 7657 3915 4658 
3 5456 5436 1151 
3 8323 9902 4022 
3 140 4042 2717 
3 9348 5876 7200 
3 9379 9331 5995 
3 9798 1741 7235 
3 1324 920 4834 
3 4920 2379 9384 
3 950 6374 629 
3 2568 6996 242 
3 736 5458 3039 
3 5331 7002 5127 
3 2876 7335 5960 
3 8497 5491 5789 
3 5499 8521 8213 
3 3837 9427 9955 
3 5079 4120 9970 
3 6950 3907 4781 
3 7535 3768 1663 
3 7771 9266 9700 
3 4257 6829 4266 
3 1054 993 7224 
3 6277 942 6817 
3 5701 5247 3500 
3 4500 4697 7429 
3 3612 3314 222 
3 9661 5661 8760 
3 4053 7293 1982 
3 5668 4409 8813 
3 9136 8451 8366 
3 519 4764 788 
3 4761 1803 9903 
3 9616 6918 1805 
3 5464 943 5642 
3 8979 7438 337 
3 8936 9786 8906 
3 248 5749 5755 
3 7031 9409 2230 
3 6281 7020 9278 
3 9591 5636 2790 
3 1223 3423 3684 
3 8620 2801 9309 
3 1515 5554 3801 
3 1858 8536 6527 
3 1076 632 5293 
3 5395 6707 591 
3 761 696 3270 
3 9973 4065 2044 
3 1410 1885 2698 
3 4930 4128 2680 
3 9969 6670 3046 
3 2720 957 4944 
3 5317 6806 4967 
3 4243 4645 5760 
3 5936 3624 1022 
3 8171 1285 5545 
3 6274 1243 6750 
3 1345 7112 2306 
3 1217 5604 8113 
3 9950 8735 427 
3 3658 3588 7571 
3 1530 1443 9237 
3 7801 2204 2349 
3 6403 2620 8158 
3 5726 5123 3054 
3 9318 7350 8945 
3 4519 5135 8291 
3 3349 5021 3179 
3 9339 7932 1064 
3 9622 3119 1567 
3 2910 8319 1872 
3 216 4013 3890 
3 3290 8223 6536 
3 2042 2248 6940 
3 4313 7106 1068 
3 5798 9076 8254 
3 8246 4239 5943 
3 5267 4684 8913 
3 3079 4227 1091 
3 5685 1473 7486 
3 6840 8 9387 
3 64 1391 6661 
3 8227 4080 8458 
3 5160 7670 5388 
3 527 492 8389 
3 9904 8368 4868 
3 9258 8302 1745 
3 570 4012 1691 
3 4413 6858 8090 
3 4195 1995 8100 
3 6718 165 3693 
3 5311 2181 5588 
3 2018 3762 3763 
3 9645 4583 4133 
3 8185 1303 6073 
3 9045 3447 7339 
3 6114 3331 3048 
3 196 9960 9236 
3 267 2054 3446 
3 9303 2299 2743 
3 5309 6427 7843 
3 670 158 5677 
3 572 3400 1852 
3 8867 5027 220 
3 6272 2476 4757 
3 6652 9883 9178 
3 2885 8772 6709 
3 5639 6875 9037 
3 9641 4423 74 
3 4109 6378 1578 
3 3111 2734 1727 
3 4895 9735 5603 
3 4082 5822 2332 
3 6150 6885 4414 
3 2696 2088 9254 
3 7421 9589 2253 
3 7476 3026 2919 
3 7185 3936 7894 
3 510 5528 6512 
3 8400 8424 374 
3 6239 700 7646 
3 6518 4198 1454 
3 1346 1176 7025 
3 3722 7347 650 
3 2107 7377 5057 
3 8156 3667 5015 
3 4547 1337 928 
3 6866 6543 1035 
3 6860 9764 9208 
3 5105 8475 4360 
3 7241 4300 8230 
3 2140 1608 4229 
3 5690 1859 6767 
3 5542 5689 2660 
3 2561 2997 1970 
3 7854 9347 1435 
3 4006 567 555 
3 5709 1295 3988 
3 9291 8928 9723 
3 1186 4985 6458 
3 2594 2075 5543 
3 5070 4108 8739 
3 609 8730 5063 
3 8443 5537 6593 
3 3901 1686 2100 
3 587 1145 9733 
3 8660 1550 2301 
3 4962 7345 7773 
3 4610 812 4763 
3 4728 4740 4512 
3 5767 6496 7611 
3 6438 3328 4533 
3 4494 9628 7063 
3 7897 2224 5624 
3 1999 3471 2614 
3 91 6321 3255 
3 5674 4191 3494 
3 5940 646 5296 
3 3625 5963 6305 
3 8831 7417 8762 
3 380 9470 2693 
3 6815 2703 7493 
3 5591 9224 7383 
3 2659 2238 5888 
3 3218 5298 5321 
3 1474 5969 5384 
3 3187 3177 6183 
3 6783 6986 8594 
3 6049 4309 4025 
3 4028 9155 3734 
3 3772 3847 7690 
3 7842 7401 8832 
3 5734 7735 8174 
3 5095 8882 8748 
3 904 7283 7398 
3 9074 8469 3968 
3 3018 9804 3797 
3 3897 3251 3360 
3 4642 5003 2651 
3 1582 391 8345 
3 7628 9839 9393 
3 8893 5404 9469 
3 8513 777 1016 
3 5009 1557 1183 
3 260 7474 3780 
3 8883 7637 8557 
3 3016 2863 4584 
3 7192 1355 3310 
3 5862 5680 1631 
3 9662 3440 6033 
3 1447 8495 3363 
3 6224 1811 3633 
3 423 1647 9082 
3 2978 2348 1585 
3 822 7001 5176 
3 329 4158 6151 
3 1890 3427 1320 
3 3243 8278 2052 
3 9772 6282 5222 
3 8655 2285 4416 
3 8077 6395 6285 
3 2176 880 3871 
3 5928 88 4738 
3 3486 536 5495 
3 2665 2515 4712 
3 6535 7257 7651 
3 9934 5925 671 
3 7887 6930 5792 
3 8969 4937 9316 
3 3296 3019 763 
3 2229 1829 8062 
3 6167 1066 1599 
3 3051 2897 2955 
3 4417 8676 5322 
3 3823 2658 6644 
3 7511 4721 815 
3 8219 5961 2756 
3 9369 4122 1289 
3 8170 9030 1850 
3 2365 3194 9943 
3 2359 1195 9117 
3 5568 5423 5964 
3 5088 566 7749 
3 7360 5691 5364 
3 112 544 4271 
3 7858 1039 607 
3 3109 2633 9371 
3 1864 2433 5347 
3 4441 1862 114 
3 7797 4828 9084 
3 6634 7840 9905 
3 1764 5263 1555 
3 2352 5929 7364 
3 4466 4422 6009 
3 2909 4365 6881 
3 6622 2700 6880 
3 5275 299 9811 
3 8532 3158 2933 
3 7162 3414 8503 
3 8595 1211 3549 
3 5892 9794 8812 
3 5722 9788 9547 
3 3852 3453 8631 
3 5479 8763 3644 
3 7260 6945 5473 
3 3434 4733 1832 
3 3529 418 7987 
3 7845 7484 3341 
3 764 577 3395 
3 9625 4377 1911 
3 2505 9800 6445 
3 1465 6447 9465 
3 4272 829 7120 
2 6069 6871 
2 4443 3064 
2 1348 3680 
2 3417 5365 
2 6314 8221 
2 6108 8087 
2 7171 7174 
2 4421 1989 
2 1254 3157 
2 5595 5968 
2 9217 8265 
2 9006 7585 
2 2636 1460 
2 4334 9087 
2 7156 3472 
2 5493 5924 
2 486 306 
2 5509 9610 
2 2540 7977 
2 9696 2663 
2 481 549 
2 6556 3350 
2 9886 1881 
2 4625 7655 
2 7184 272 
2 5581 4445 
2 3095 1097 
2 5576 2834 
2 2211 6633 
2 806 7958 
2 2653 6375 
2 5837 9360 
2 6094 3487 
2 4660 6209 
2 1838 3211 
2 2126 4741 
2 5790 8820 
2 870 498 
2 1690 4507 
2 798 6470 
2 2931 3415 
2 3977 2622 
2 6933 9505 
2 5328 3164 
2 1470 8569 
2 1182 9991 
2 3102 9829 
2 2492 5417 
2 5985 1107 
2 9447 5437 
2 7458 6201 
2 7802 690 
2 4389 228 
2 8209 2966 
2 7392 3961 
2 7154 720 
2 521 964 
2 910 5717 
2 2607 6330 
2 1437 202 
2 1102 7159 
2 641 1252 
2 7327 7528 
2 9448 8744 
2 9021 2029 
2 2122 1113 
2 3405 9774 
2 9099 1511 
2 4287 8373 
2 3118 8600 
2 5215 77 
2 2363 6830 
2 8581 6024 
2 1619 1258 
2 799 571 
2 5516 4780 
2 298 1477 
2 4614 1706 
2 4218 9410 
2 1525 8661 
2 7465 8549 
2 1153 485 
2 2921 3450 
2 4513 3084 
2 8944 2842 
2 6787 8154 
2 3165 9324 
2 1924 2847 
2 1929 6854 
2 997 6745 
2 1273 7949 
2 7513 1941 
2 3202 8052 
2 4676 5297 
2 3637 9693 
2 3090 6808 
2 3025 6876 
2 1813 9884 
2 5786 2426 
2 2569 2681 
2 4027 5080 
2 7072 2916 
2 542 8173 
2 4794 2908 
2 6153 6453 
2 1588 3346 
2 7055 1216 
2 6591 3193 
2 1358 9000 
2 1158 939 
2 9139 8805 
2 2518 9226 
2 8826 6082 
2 9484 448 
2 2959 6358 
2 309 3522 
2 7719 9673 
2 5884 6968 
2 2370 9669 
2 4384 3333 
2 5439 5887 
2 5282 4938 
2 8312 8891 
2 2552 6615 
2 7973 9694 
2 3073 3898 
2 191 314 
2 8211 9081 
2 1395 9646 
2 6341 3138 
2 8131 9495 
2 9330 8749 
2 7311 5376 
2 3497 4258 
2 5068 4575 
2 466 6763 
2 2013 3670 
2 6967 2142 
2 5428 8681 
2 8890 7531 
2 7125 2882 
2 2562 2082 
2 5272 6344 
2 6969 4971 
2 5351 1857 
2 3279 3488 
2 5978 7246 
2 1317 1095 
2 1139 5757 
2 5965 4486 
2 6382 6912 
2 8703 5589 
2 7111 9438 
2 1944 6179 
2 6947 3477 
2 7299 7109 
2 1207 9601 
2 8998 6081 
2 9865 5030 
2 6278 7394 
2 8303 8717 
2 3254 9814 
2 326 1499 
2 3479 2757 
2 2511 7372 
2 1278 517 
2 5252 515 
2 5788 8499 
2 3080 5601 
2 805 106 
2 3150 6754 
2 7131 2049 
2 8257 8662 
2 4609 3409 
2 9964 315 
2 1075 1079 
2 215 9027 
2 3426 9188 
2 7405 2526 
2 8927 8008 
2 3335 5698 
2 6186 5569 
2 2948 4393 
2 9046 9120 
2 9854 9815 
2 7066 7871 
2 7808 4715 
2 7272 4710 
2 6999 9832 
2 7081 4885 
2 2745 7040 
2 1693 5072 
2 2517 7638 
2 8356 974 
2 1060 7492 
2 940 776 
2 2 6948 
2 4014 9212 
2 1407 271 
2 6101 1306 
2 6737 4205 
2 6708 6154 
2 4160 6162 
2 6166 600 
2 4020 9023 
2 3600 411 
2 8365 6579 
2 8396 531 
2 3700 449 
2 2175 3790 
2 6468 8533 
2 6542 9685 
2 9255 3086 
2 5259 1947 
2 2372 6416 
2 2325 7268 
2 4077 4896 
2 988 9098 
2 2587 4718 
2 5169 4177 
2 2831 4148 
2 5889 4153 
2 627 308 
2 9881 2314 
2 2218 6392 
2 3070 3091 
2 5241 169 
2 3663 7007 
2 7527 4648 
2 6216 3928 
2 2993 6619 
2 6621 4040 
2 6269 2452 
2 2782 5018 
2 3863 8053 
2 5286 5877 
2 3240 6845 
2 4829 1168 
2 4797 2725 
2 961 7857 
2 759 9506 
2 7781 7258 
2 9837 5147 
2 130 7332 
2 4846 7654 
2 2936 5055 
2 5678 9990 
2 6401 175 
2 2168 2611 
2 8039 7211 
2 6773 450 
2 1000 9190 
2 768 5614 
2 12 3195 
2 3707 4373 
2 3117 7245 
2 6919 5596 
2 1077 2510 
2 1846 1902 
2 7827 8073 
2 2635 9233 
2 2108 7916 
2 3419 1973 
2 2866 8615 
2 7052 6749 
2 8646 8836 
2 6354 4616 
2 5607 8331 
2 6288 3669 
2 6136 8605 
2 5117 8065 
2 9032 653 
2 7988 1518 
2 4737 7982 
2 4018 8596 
2 3030 1297 
2 3785 3325 
2 638 1802 
2 8248 3577 
2 4672 41 
2 181 9478 
2 1547 672 
2 338 1579 
2 6230 7047 
2 523 2147 
2 7623 6402 
2 4701 3373 
2 3222 4819 
2 7306 4802 
2 5851 895 
2 7334 9175 
2 1413 2773 
2 7343 5816 
2 2740 8742 
2 2543 255 
2 7058 7900 
2 3444 323 
2 5740 7433 
2 3502 8933 
2 9473 8881 
2 5038 9706 
2 8446 5469 
2 4327 5150 
2 1635 8419 
2 2695 786 
2 2821 5274 
2 6924 2066 
2 6832 7732 
2 7855 8381 
2 9648 6905 
2 1594 9623 
2 7772 7656 
2 7766 1541 
2 8463 9240 
2 9193 2200 
2 8128 6006 
2 3242 965 
2 1580 3495 
2 2890 1942 
2 3217 837 
2 3210 6018 
2 2692 2420 
2 3585 1658 
2 4247 8819 
2 1412 6751 
2 2436 6339 
2 6743 1597 
2 871 4002 
2 4768 5807 
2 6921 8560 
2 8155 3391 
2 9682 9312 
2 7660 1466 
2 2161 8559 
2 1333 6055 
2 3173 9479 
2 9259 5973 
2 881 3813 
2 2116 7989 
2 6562 1059 
2 6143 5782 
2 5419 1575 
2 6650 5032 
2 8794 4184 
2 2502 4444 
2 3467 8147 
2 4739 7381 
2 6868 7745 
2 8855 8214 
2 9010 2504 
2 8429 8610 
2 2551 695 
2 2424 8628 
2 3110 686 
2 2415 3695 
2 1020 7919 
2 72 9821 
2 6435 1082 
2 9145 6804 
2 3321 38 
2 6730 51 
2 6441 7239 
2 9041 7061 
2 9345 5238 
2 9020 9375 
2 8228 2522 
2 5742 6142 
2 5273 5188 
2 3348 9434 
2 6753 4956 
2 1808 269 
2 4269 9051 
2 7872 2597 
2 6065 7279 
2 3027 9298 
2 6797 5921 
2 8624 1521 
2 2797 9634 
2 8415 2537 
2 7626 4059 
2 3503 6474 
2 7015 1882 
2 3492 8540 
2 9890 7431 
2 5133 8251 
2 8713 1478 
2 3916 697 
2 7270 4602 
2 5890 3338 
2 9851 9981 
2 8104 6788 
2 9536 161 
2 4464 6088 
2 8768 677 
2 3049 5299 
2 3041 4813 
2 5120 3220 
2 6400 8474 
2 3057 5463 
2 1559 5811 
2 3133 8972 
2 6939 9050 
2 8951 2839 
2 4050 4157 
2 5225 9322 
2 2906 2157 
2 5915 1198 
2 1581 4666 
2 6284 7668 
2 7564 6000 
2 1405 3256 
2 4806 5512 
2 2128 4354 
2 9386 3671 
2 1187 6007 
2 6390 8685 
2 1854 3804 
2 8599 8604 
2 7179 3759 
2 4594 6054 
2 8359 7342 
2 6337 734 
2 6618 394 
2 1462 626 
2 7716 1558 
2 2051 9500 
2 6714 9107 
2 598 4641 
2 4457 6109 
2 7321 660 
2 6343 2691 
2 826 1583 
2 5141 9060 
2 9474 6212 
2 3343 4545 
2 7266 5333 
2 3586 4754 
2 9592 2439 
2 6704 6690 
2 2823 7467 
2 3399 2889 
2 8455 5099 
2 6493 1444 
2 938 8984 
2 2423 8988 
2 1920 4954 
2 9664 8747 
2 5448 6570 
2 1162 6821 
2 9869 2963 
2 9245 9248 
2 5453 4928 
2 814 9284 
2 6319 4505 
2 6606 7099 
2 9812 2380 
2 3623 7167 
2 9399 1424 
2 1613 1298 
2 5444 6079 
2 1540 1238 
2 6074 5766 
2 5535 1002 
2 5814 5819 
2 3191 2121 
2 8439 2104 
2 9608 8695 
2 546 7717 
2 8275 2895 
2 8232 888 
2 8203 9281 
2 8761 8992 
2 4263 7829 
2 273 7481 
2 2603 7844 
2 7848 8957 
2 4667 9176 
2 4379 7217 
2 8545 9586 
2 7661 9097 
2 7652 9370 
2 3074 9057 
2 3796 9715 
2 493 2886 
2 3662 823 
2 322 2202 
2 6508 6039 
2 1065 2988 
2 3602 3259 
2 9451 4622 
2 4769 2377 
2 8012 4762 
2 5162 3455 
2 1399 8816 
2 9239 6694 
2 5113 4165 
2 4231 8860 
2 4752 3616 
2 6776 9319 
2 5498 2186 
2 537 1265 
2 8380 9712 
2 1766 1954 
2 1551 9816 
