147
4 142 408 130 131 
4 275 133 134 135 
4 137 272 140 270 
4 127 143 145 146 
4 458 413 150 265 
4 415 262 457 456 
4 110 96 466 98 
4 305 303 102 103 
4 402 404 465 296 
4 416 464 293 291 
4 290 406 118 287 
4 122 281 125 126 
4 202 238 440 191 
4 426 194 232 229 
4 436 228 435 227 
4 239 224 223 205 
4 206 222 428 209 
4 220 211 216 215 
4 171 157 260 417 
4 161 257 418 255 
4 253 167 168 169 
4 297 250 173 248 
4 176 246 178 179 
4 243 183 184 241 
4 343 481 480 479 
4 349 37 478 39 
4 346 42 43 344 
4 386 342 477 476 
4 49 51 340 53 
4 338 335 57 58 
4 366 2 374 4 
4 496 9 370 380 
4 493 368 491 381 
4 94 489 488 487 
4 485 382 383 357 
4 483 355 30 354 
4 83 470 469 74 
4 75 321 77 318 
4 317 316 82 389 
4 84 85 314 87 
4 88 313 312 398 
4 309 308 341 425 
4 365 411 377 339 
4 226 401 267 379 
4 304 372 373 332 
4 269 217 307 378 
4 245 254 280 251 
4 282 325 284 247 
4 285 395 259 233 
4 244 289 359 390 
4 361 237 363 347 
4 295 274 107 79 
4 144 112 148 109 
4 151 152 59 153 
4 461 453 56 160 
4 106 490 164 450 
4 80 128 78 119 
4 76 460 116 115 
4 70 124 54 129 
4 69 114 66 132 
3 136 138 494 
3 26 16 100 
3 195 468 29 
3 198 200 27 
3 81 25 204 
3 207 95 432 
3 92 22 32 
3 172 50 174 
3 446 46 45 
3 44 104 41 
3 185 40 186 
3 36 101 89 
3 397 90 91 
3 18 474 364 
3 362 23 24 
3 384 31 353 
3 351 348 345 
3 394 55 336 
3 388 13 472 
3 65 391 328 
3 392 71 235 
3 449 497 447 
3 422 177 180 
3 3 444 242 
3 424 442 188 
3 375 467 192 
3 438 427 230 
3 437 201 225 
3 203 429 218 
3 431 214 162 
3 399 400 99 
3 302 105 403 
3 294 10 117 
3 407 121 283 
3 123 278 8 
3 276 139 412 
3 459 268 149 
3 263 6 159 
3 163 498 499 
3 385 387 473 
3 396 405 409 
3 455 419 445 
3 439 433 430 
3 320 271 273 
3 175 277 181 
3 187 288 292 
3 193 258 147 
3 199 208 311 
3 61 34 231 
3 5 367 360 
3 15 356 19 
3 20 60 236 
3 240 219 249 
3 324 221 434 
3 210 155 448 
3 166 451 452 
3 371 113 463 
3 111 108 52 
3 475 48 38 
3 486 0 310 
3 376 350 329 
3 234 298 264 
3 261 319 462 
3 301 120 141 
3 73 156 72 
3 158 11 495 
3 64 410 170 
3 266 182 443 
3 484 337 213 
3 352 212 358 
3 334 86 492 
3 17 189 154 
3 7 414 421 
3 256 21 1 
3 14 330 322 
3 279 454 299 
3 315 306 326 
3 165 47 33 
3 482 300 12 
3 369 197 423 
3 28 35 333 
3 93 97 420 
3 286 252 441 
3 190 196 323 
3 471 393 63 
3 68 327 331 
2 67 62 
