3138
4 5357 5121 8148 6404 
4 421 2589 5913 6255 
4 5583 9906 8785 3629 
4 6584 7710 1737 3987 
4 7529 5231 4386 2094 
4 5796 9487 6735 8197 
4 1756 2584 8754 998 
4 2395 6655 6312 2861 
4 59 7923 7569 7704 
4 5515 9612 6632 7444 
4 8873 7262 8452 7796 
4 2489 5905 398 8407 
4 1729 820 6459 604 
4 9004 1248 7549 7064 
4 4848 5886 8603 8733 
4 8189 9529 8437 9354 
4 6839 9213 4449 1524 
4 4318 4574 5744 9483 
4 4100 6823 3904 4233 
4 8479 3626 7108 5416 
4 9620 1287 2545 6476 
4 9383 4004 3697 1396 
4 9131 5427 4041 370 
4 973 2061 3015 847 
4 9247 4863 2155 4644 
4 7792 6668 3135 4631 
4 2222 1492 9618 2752 
4 5363 7168 2687 5570 
4 2843 44 453 8284 
4 2117 1561 7100 3505 
4 8775 461 9765 3295 
4 4036 1423 2932 8287 
4 8004 6640 8854 1385 
4 3273 5616 8591 3715 
4 2345 5918 2096 6639 
4 9813 674 3420 7936 
4 1556 5090 666 5251 
4 2935 4695 2331 3825 
4 6762 2598 1677 9959 
4 4147 6756 1114 1081 
4 5001 5592 8384 8689 
4 8119 9818 6196 7525 
4 1388 864 5989 948 
4 683 6613 4106 3942 
4 9888 5526 8911 8320 
4 4194 5083 4473 5211 
4 9128 3149 5052 8585 
4 7369 936 7515 2819 
4 2459 8777 132 7819 
4 2968 4670 7577 2246 
4 3484 962 8814 8240 
4 876 7863 7939 2723 
4 7368 8837 752 9256 
4 8991 3457 8392 110 
4 7208 7290 3176 7950 
4 2196 7101 371 2728 
4 8636 684 4808 2212 
4 9267 8641 281 5791 
4 6240 2499 63 5602 
4 9614 714 3656 4090 
4 2475 7259 2064 1101 
4 9019 9894 4916 5651 
4 1013 3678 7834 1491 
4 839 7945 3024 5048 
4 2548 3765 6170 7198 
4 4405 4961 1004 9965 
4 5945 1115 1071 4685 
4 7937 3302 1233 2124 
4 4579 3795 3272 8152 
4 9986 5042 2141 384 
4 6677 9295 3647 7104 
4 7927 2070 2008 1734 
4 6782 4702 5101 7135 
4 6495 854 5773 1707 
4 2115 4430 8058 1164 
4 1214 336 5046 7540 
4 7201 2080 4957 4788 
4 5214 8639 2558 7409 
4 4917 443 2922 1341 
4 7896 8063 7825 5653 
4 3499 976 6702 7202 
4 49 7961 1830 6381 
4 4964 4886 1146 9307 
4 3463 9568 6176 7313 
4 4509 818 4983 82 
4 3792 5295 6107 8612 
4 3047 7595 5772 7757 
4 3607 4135 4874 5982 
4 3940 3096 2727 5713 
4 2228 2274 8338 9305 
4 2964 3896 6252 636 
4 3228 3566 1353 8608 
4 1210 7136 8485 4322 
4 3309 5310 7305 887 
4 4240 3293 1851 7543 
4 6168 9433 4925 7516 
4 6550 8322 4406 71 
4 1988 9129 1203 8745 
4 6935 7551 9866 1671 
4 4940 1955 5625 7145 
4 9795 7 9527 4185 
4 1812 8116 4141 5383 
4 3437 5219 47 7579 
4 4131 1450 3114 7326 
4 2456 594 8465 1322 
4 9552 8851 4167 2259 
4 4235 4637 7359 3042 
4 9 3142 766 1713 
4 1094 7231 5006 4655 
4 1742 5652 3686 1934 
4 7583 9690 9539 2686 
4 532 5873 5494 7715 
4 4561 2962 4074 9525 
4 3844 9263 4657 8803 
4 2481 727 8553 3072 
4 1050 4847 1895 7083 
4 723 6129 4475 6957 
4 4112 8387 7447 9235 
4 4102 9917 9532 8250 
4 2759 3357 2982 7088 
4 62 4374 8736 2736 
4 2293 7196 8332 1946 
4 3519 3196 954 8375 
4 7308 213 7648 7032 
4 4320 859 8010 9196 
4 9946 1591 5163 2045 
4 6547 9063 1724 2726 
4 1418 6882 4076 5777 
4 7725 2060 8193 5904 
4 6611 2342 4619 3337 
4 8767 850 1568 6178 
4 3689 9106 2652 992 
4 2340 4402 9119 5172 
4 8644 3155 2544 1433 
4 4490 9966 4912 4638 
4 4995 9747 3672 6558 
4 1621 3170 2642 2085 
4 3775 3648 586 2749 
4 5729 201 120 9344 
4 8626 3757 9576 7451 
4 6534 3542 6038 6913 
4 7494 8601 7851 3781 
4 5686 3257 4139 2828 
4 7643 6571 8478 7148 
4 5931 4550 8138 8397 
4 6567 774 7464 7545 
4 2628 7814 3889 5156 
4 2323 403 9542 1763 
4 8186 3593 2870 9302 
4 676 328 6134 4244 
4 4150 2862 7862 2795 
4 4058 6537 3475 3112 
4 3376 9713 9275 2308 
4 8997 2300 9151 18 
4 4959 6927 8865 7079 
4 58 6467 8187 9559 
4 2814 2036 2213 1383 
4 5081 4390 5366 8267 
4 8242 9900 4044 8233 
4 7316 3869 8115 3708 
4 3451 3840 8259 4480 
4 1711 9528 5609 8506 
4 7703 7166 7445 6147 
4 6171 5845 7673 8616 
4 2123 8849 778 446 
4 3842 9873 1160 9320 
4 8079 9243 2305 1049 
4 1936 2267 1839 11 
4 2160 8094 3583 5540 
4 3526 2243 5096 4837 
4 8430 3126 2313 654 
4 1136 8101 245 9605 
4 8167 6123 2023 6050 
4 1552 6359 333 9514 
4 3913 7944 7267 5359 
4 1509 5136 5324 4284 
4 2985 3950 8509 7726 
4 9921 8286 7953 7385 
4 687 8036 4551 5854 
4 9374 2944 6777 4902 
4 2282 6300 7008 6580 
4 373 2920 5209 2535 
4 6842 706 1767 7522 
4 4498 8367 3745 9784 
4 3106 6481 3899 1231 
4 7466 3632 1845 9289 
4 3618 1427 2817 65 
4 3253 9340 7922 2674 
4 5665 8348 6060 9856 
4 2203 6985 177 8701 
4 7026 5600 2718 4690 
4 9722 9283 6989 7700 
4 9942 463 9732 5622 
4 7756 593 3002 2994 
4 8026 4151 7920 1359 
4 5919 3083 9111 8346 
4 8563 4965 6638 2572 
4 9691 6582 8047 2941 
4 1096 4516 8697 7050 
4 1996 8721 780 1357 
4 9649 8834 7212 1817 
4 6313 3229 2619 8253 
4 9252 6329 745 9778 
4 1085 2364 522 2571 
4 4137 1372 9366 1336 
4 7209 3485 5962 4951 
4 103 3356 6363 9443 
4 8839 9779 2802 6316 
4 2009 717 4582 1861 
4 251 4352 2112 565 
4 6602 9751 709 8477 
4 4351 6477 67 3368 
4 2647 6426 2351 8811 
4 5909 5891 7119 9123 
4 6994 2905 9365 8199 
4 9154 3443 9124 645 
4 257 7629 6 4259 
4 5793 1340 3089 214 
4 2536 7981 5492 1976 
4 8751 171 7671 8614 
4 6415 9325 4884 1202 
4 332 1510 1787 7330 
4 2095 9585 3379 9546 
4 1701 4357 8947 4134 
4 7911 4293 7489 4477 
4 9806 1344 2162 9629 
4 3496 3214 60 3062 
4 5239 5593 3308 2957 
4 8200 9363 8501 1820 
4 9968 1001 4867 6666 
4 4557 188 5544 8923 
4 8163 8835 8529 5149 
4 6914 9930 5330 9511 
4 1717 877 750 9974 
4 8003 5518 6956 1975 
4 5733 1740 4222 5244 
4 8779 7934 5236 6342 
4 5332 6297 7057 1505 
4 5991 7391 4711 1351 
4 1800 9545 8658 2776 
4 1564 321 4977 8651 
4 4727 7613 7677 2575 
4 296 924 1883 9166 
4 1364 3730 8431 6188 
4 4696 7415 7439 4331 
4 3750 8040 5529 4572 
4 2245 5970 9962 1249 
4 5758 7344 3120 7153 
4 1965 9426 8915 1747 
4 8990 791 1522 7210 
4 7647 9419 3579 5028 
4 5131 5808 2509 8449 
4 4161 4717 4415 8168 
4 7699 9550 5488 5683 
4 1743 3473 8579 8056 
4 7972 5835 6738 9271 
4 5074 2043 1714 5728 
4 9341 6042 7824 8418 
4 9397 3655 2573 2265 
4 1061 6616 767 96 
4 902 8866 9569 1673 
4 6627 301 6419 7250 
4 55 3087 6273 2952 
4 6144 8607 8470 8548 
4 1200 5720 264 3830 
4 631 1523 3845 3834 
4 773 1178 6742 9566 
4 7524 797 4870 3223 
4 197 385 1636 8625 
4 9626 1889 9853 5553 
4 6410 1508 3167 8702 
4 2089 3306 6226 8487 
4 9572 9797 2809 5155 
4 6309 8659 4367 8132 
4 3978 6377 9048 407 
4 6336 2055 3137 4960 
4 9250 7155 7748 8183 
4 5375 5864 1476 3905 
4 1810 6192 7567 4600 
4 7436 1948 5610 730 
4 4649 3557 2612 3673 
4 8671 2486 6384 4524 
4 9718 3870 4079 3791 
4 3271 278 1228 1998 
4 9952 9689 4200 6058 
4 4043 6769 4861 875 
4 9843 6198 6747 3001 
4 2353 9746 8707 6028 
4 8940 283 5308 9265 
4 3857 3 9871 7253 
4 1912 3944 5476 1429 
4 2912 85 1483 9078 
4 6010 5170 7302 6662 
4 8172 432 3997 1140 
4 3367 2000 7412 8204 
4 8297 8677 7443 9507 
4 1853 4706 1587 263 
4 7118 836 7880 3278 
4 8453 4527 1040 9755 
4 4532 915 6578 884 
4 4179 3028 7103 4469 
4 2927 6981 1720 8683 
4 6146 7095 6012 8442 
4 4607 6483 5203 5207 
4 7978 7696 6320 3885 
4 995 6110 3728 5849 
4 9695 5803 8670 513 
4 3022 2585 464 7319 
4 8964 1378 7617 634 
4 3508 6757 1821 7618 
4 1224 4474 7603 4565 
4 8722 1253 1037 3518 
4 6370 4617 4883 8929 
4 2877 7296 3736 8932 
4 1708 8750 5174 3037 
4 3877 5197 1073 7861 
4 1681 9908 4307 6498 
4 6444 3561 1923 4786 
4 1117 9359 1542 3362 
4 7759 2939 3248 8895 
4 4871 3375 1684 5785 
4 8692 9464 1526 4439 
4 1154 2627 1484 5902 
4 2937 9599 8524 4038 
4 559 1116 1152 137 
4 7536 1571 4361 520 
4 8328 3892 7870 2488 
4 6296 3511 4292 5278 
4 8956 5462 8874 4521 
4 9880 6367 9197 5823 
4 2592 4975 7823 7678 
4 2798 8637 3853 8466 
4 5341 9849 5839 3055 
4 7041 916 9769 7178 
4 5547 3544 1833 3107 
4 1261 6656 6231 1361 
4 174 8527 17 7463 
4 9907 970 1712 2566 
4 5705 6220 2600 9425 
4 6577 4668 9961 5941 
4 56 6965 4946 6605 
4 172 7255 5378 5441 
4 6938 1726 5998 2185 
4 9984 7215 846 7130 
4 5548 5503 760 2368 
4 7238 6389 529 10 
4 145 3769 5250 9014 
4 6715 9350 8516 7363 
4 3050 4604 5151 2106 
4 688 6856 8363 3746 
4 1765 8931 1234 1430 
4 5563 844 1570 451 
4 5446 3969 4731 4663 
4 9092 738 297 7740 
4 3516 208 5649 923 
4 6752 6583 5271 8714 
4 2716 525 3134 1122 
4 9168 1601 6205 7218 
4 2766 9597 6540 6266 
4 9741 5579 6526 5118 
4 912 556 6364 1197 
4 1827 2165 5325 7778 
4 1487 9895 7624 6133 
4 164 1963 9121 926 
4 8239 3540 139 9161 
4 2407 7149 3104 4093 
4 8673 9450 7558 4491 
4 4990 2007 117 9182 
4 3258 2649 6396 2221 
4 8081 2295 9214 7518 
4 8833 2484 5948 1648 
4 8161 8059 1589 5017 
4 5013 4230 5007 9390 
4 9594 5574 6052 6451 
4 9246 2804 7499 8650 
4 3674 8044 5899 7839 
4 5627 4627 211 8824 
4 8293 7152 8198 6149 
4 5875 3691 7346 7692 
4 2879 4126 480 5056 
4 628 2309 8617 2555 
4 87 2848 1010 2127 
4 642 7983 9135 6680 
4 7204 8247 6102 3276 
4 2590 6721 2836 6623 
4 9719 1015 3932 1825 
4 7318 9490 3029 656 
4 3828 6645 6215 2125 
4 5879 7752 9588 8653 
4 8609 7278 7151 2811 
4 3608 6157 8305 6036 
4 9776 1735 1847 2872 
4 1866 6731 9414 1876 
4 900 289 597 9580 
4 4555 8606 3973 178 
4 7954 9471 28 5487 
4 1943 5513 206 1620 
4 3239 4859 3692 6256 
4 6193 3480 2516 9286 
4 3677 4650 2538 9852 
4 1159 8652 1464 4671 
4 931 7375 1856 5824 
4 1393 6703 9499 1056 
4 1311 8134 590 9382 
4 8578 6685 5815 2226 
4 4170 6350 4573 3891 
4 2697 1632 6531 1819 
4 9276 3808 4522 3527 
4 4792 7764 1205 8258 
4 5559 1129 8434 7888 
4 5981 6152 4496 3132 
4 5061 2999 5058 3092 
4 834 6111 1877 124 
4 6741 1260 6443 6206 
4 8537 4054 6984 151 
4 1994 2732 8468 307 
4 7105 3895 9407 4933 
4 7875 7475 8342 9238 
4 53 9637 1718 8684 
4 6053 1874 5094 290 
4 3573 7542 6228 4997 
4 9799 4725 1562 7734 
4 142 2705 1888 236 
4 1642 2190 8967 589 
4 9241 4611 2428 9165 
4 6306 7512 7413 3980 
4 4857 9748 4055 9675 
4 4814 2091 7777 9730 
4 1704 4442 1884 7610 
4 7884 9326 5418 5371 
4 4865 4661 9714 8032 
4 4692 8035 7361 6932 
4 4636 9530 253 7993 
4 6676 4774 7219 5710 
4 6628 9864 3297 9602 
4 2490 4592 8907 9761 
4 4091 6651 2020 4875 
4 5644 6849 4989 6155 
4 1445 7286 7659 2765 
4 4703 7406 9376 2241 
4 540 5235 5044 5794 
4 648 4066 1282 2854 
4 3558 3924 3912 4716 
4 735 4363 6557 362 
4 1837 5517 4381 7841 
4 2254 7090 4187 8123 
4 5035 9976 3802 2565 
4 3654 3839 9896 4506 
4 3945 6326 7526 1440 
4 4926 9523 8176 7662 
4 2887 6827 1595 898 
4 5671 3553 5020 7594 
4 2461 2400 4656 4904 
4 8423 9016 6365 7074 
4 1023 7003 3531 4771 
4 6733 6366 3567 9650 
4 7733 9922 1598 6380 
4 4410 534 6794 4089 
4 6976 8241 7382 5916 
4 2806 3498 4064 2081 
4 4559 358 3422 5389 
4 2006 5530 1339 1406 
4 6673 5474 2457 6289 
4 8333 1467 7037 4773 
4 1332 7432 5355 4412 
4 6436 7374 9453 1723 
4 7356 5205 8597 9220 
4 7683 2320 1533 9368 
4 404 6076 6988 9848 
4 9988 2375 5898 3760 
4 9456 6800 7914 8861 
4 147 1471 210 5336 
4 960 3906 4879 8432 
4 2783 8019 6361 2907 
4 689 33 489 1584 
4 4495 6857 1422 622 
4 4375 1609 8938 3718 
4 4720 146 909 6514 
4 5489 8376 8889 6778 
4 9879 6490 9468 4478 
4 8715 5178 3323 7821 
4 5457 7943 8153 7768 
4 5551 5633 3704 7534 
4 5086 4639 8648 4766 
4 4011 2462 6528 7818 
4 9043 7785 7426 2381 
4 2389 3145 7419 9192 
4 8894 7310 1021 6784 
4 9361 9684 3244 2401 
4 5856 5869 8150 7249 
4 7230 2398 8043 4452 
4 9726 2874 3617 8898 
4 7530 737 3582 9561 
4 8845 9072 9703 7592 
4 2260 3595 6016 3914 
4 396 6340 3882 7175 
4 8823 1529 4026 4953 
4 3983 7917 6585 3352 
4 1930 2129 1512 3299 
4 1922 9631 6208 4057 
4 5467 3559 150 8954 
4 3153 5776 5901 8299 
4 6870 39 3966 835 
4 8425 5865 7990 3371 
4 635 198 5920 1952 
4 6202 9222 9122 9143 
4 5255 8679 9971 8325 
4 5380 7013 5085 5461 
4 7770 1090 2191 8746 
4 7454 6466 4202 9429 
4 7116 3985 4907 3749 
4 1886 4467 8712 6834 
4 4823 5832 5522 3075 
4 6649 9667 7596 359 
4 7956 9062 512 3339 
4 8682 5556 9549 7966 
4 7010 9802 5724 3188 
4 9221 804 32 947 
4 8238 5531 3564 1822 
4 2134 711 1507 7480 
4 4124 9183 3136 9828 
4 4704 9734 9606 9091 
4 7689 3129 6724 5615 
4 1347 8519 9868 678 
4 5896 3811 7809 6700 
4 149 5908 45 4887 
4 2277 6421 3011 2924 
4 4016 7220 7221 3428 
4 4640 1761 6184 2148 
4 7186 2707 1100 170 
4 300 2343 1256 3322 
4 5756 9173 8276 6705 
4 4208 6243 6873 7970 
4 6574 7731 2167 7876 
4 0 6811 6160 3641 
4 5451 3991 6264 1382 
4 4514 5566 9096 849 
4 8196 6446 8263 2024 
4 313 8632 5584 7964 
4 5047 3694 4465 5164 
4 2198 3121 8562 9459 
4 6248 3020 9573 611 
4 2278 2467 6637 6203 
4 5939 471 8264 3724 
4 9752 6553 2672 7984 
4 4708 6681 4335 8517 
4 8752 1908 9978 4949 
4 8908 8027 5277 5954 
4 1047 2495 6659 5166 
4 6903 9891 6726 6942 
4 4659 1174 1044 1199 
4 6596 7975 9299 2983 
4 5657 1157 9583 7424 
4 6015 7386 9996 9987 
4 6522 8133 6648 4992 
4 5040 4215 9068 2367 
4 5947 5240 3681 2875 
4 8711 9328 5860 8801 
4 9210 1179 7425 4340 
4 1181 1569 3818 5449 
4 9633 3127 3203 433 
4 6112 7727 1411 708 
4 1106 6017 5362 2337 
4 3412 4511 7384 5721 
4 1593 9038 3226 541 
4 7521 7509 8222 6719 
4 9836 5763 5173 3517 
4 6022 4790 5836 562 
4 2062 8143 4286 1668 
4 514 1381 4456 2702 
4 5813 1840 3031 2506 
4 3563 3894 7500 6478 
4 4419 1616 8210 825 
4 5536 8160 6246 9721 
4 6351 5157 4052 8696 
4 8202 8667 8864 2601 
4 8863 8828 4206 5496 
4 8413 355 2025 204 
4 7555 2296 9486 8336 
4 8139 1751 4958 6492 
4 1768 3105 608 2120 
4 6713 5730 7877 8810 
4 968 4359 889 1400 
4 2159 6275 9920 4742 
4 3596 6864 4188 8876 
3 70 465 7751 
3 1409 5872 4092 
3 8006 9935 2329 
3 9995 6051 3330 
3 1012 2954 8977 
3 5198 1535 6280 
3 2437 8031 530 
3 3972 1321 9269 
3 3809 7633 8919 
3 4943 234 240 
3 6263 4801 955 
3 1843 919 4228 
3 6960 3004 2578 
3 5368 9198 3657 
3 3235 9418 2033 
3 4858 9768 430 
3 456 7614 5606 
3 5082 7924 3926 
3 8215 9716 2746 
3 8089 3311 7729 
3 270 9600 1062 
3 5751 9028 1640 
3 431 7397 9187 
3 4000 131 6576 
3 9519 8454 6097 
3 2949 6008 9446 
3 7995 372 9699 
3 8137 97 500 
3 5208 4046 2786 
3 6964 620 978 
3 6698 1750 9201 
3 2762 2604 1939 
3 9767 2661 9332 
3 2193 3939 1330 
3 6161 9538 2632 
3 2977 1259 5191 
3 439 6761 8447 
3 3956 9086 1036 
3 2072 4796 9431 
3 5986 4534 1744 
3 7170 673 1980 
3 6890 7663 9584 
3 4301 6003 9656 
3 136 8401 8180 
3 885 2772 6565 
3 2102 3212 2514 
3 7457 1475 9398 
3 1519 8822 9944 
3 7407 5245 1796 
3 6824 4221 2694 
3 6844 6835 4798 
3 5482 4942 2713 
3 3590 7991 9413 
3 8252 183 2074 
3 6352 8568 24 
3 1961 6137 2399 
3 3280 8435 8326 
3 8383 1318 4104 
3 956 3370 1649 
3 2595 4387 1694 
3 6887 3344 5666 
3 8859 8037 7895 
3 6197 4635 6809 
3 86 6450 1279 
3 9075 4238 5752 
3 5732 7800 2207 
3 3793 4502 7674 
3 7881 4777 3060 
3 9855 37 6121 
3 9083 6463 1546 
3 1983 6302 4783 
3 4839 2953 7586 
3 2891 7461 457 
3 2297 5994 2881 
3 7471 9036 7554 
3 3822 5897 8314 
3 7724 1538 1755 
3 7320 4248 3543 
3 7410 4358 4400 
3 9009 8900 8815 
3 7812 5168 3364 
3 6959 7357 602 
3 458 6963 7362 
3 756 487 4595 
3 6972 4434 4596 
3 2608 8766 9094 
3 8930 7387 6471 
3 6915 3951 9047 
3 5024 3141 4399 
3 8093 6311 8353 
3 7094 9035 7206 
3 2210 2144 335 
3 2149 4116 9137 
3 2903 2596 3052 
3 801 8486 6332 
3 462 392 3347 
3 9215 1371 4339 
3 3021 2028 9838 
3 6353 9578 9564 
3 221 1536 2610 
3 3875 9114 2956 
3 2741 2785 4504 
3 6506 5066 1688 
3 7889 7850 40 
3 2859 2892 2837 
3 4994 1678 6448 
3 3789 6925 6127 
3 1161 5628 3651 
3 7078 6818 4069 
3 9659 7602 9820 
3 4982 2469 6148 
3 1453 725 168 
3 6232 4877 3887 
3 802 5233 31 
3 8663 4736 6175 
3 5181 2059 9709 
3 2412 4291 7959 
3 7632 9651 2307 
3 8438 7557 9394 
3 7859 1009 7694 
3 1426 1778 842 
3 8737 8028 5125 
3 9993 4688 4097 
3 6229 5106 6328 
3 2683 2685 840 
3 739 6944 8543 
3 502 4488 644 
3 9015 3318 9540 
3 8022 78 5817 
3 3012 8576 1959 
3 5128 3841 152 
3 639 6699 4549 
3 343 615 325 
3 2169 7960 6725 
3 511 9223 402 
3 1220 2101 9678 
3 393 9595 8426 
3 5959 5719 613 
3 229 6473 7742 
3 9489 8804 4689 
3 5558 1043 4567 
3 4787 5631 2950 
3 1869 7395 793 
3 68 7803 7423 
3 9227 5422 4099 
3 8256 5676 4031 
3 8950 848 2388 
3 7971 5882 34 
3 6034 8643 5190 
3 3743 1165 4855 
3 7631 953 8097 
3 8903 2472 6315 
3 3123 6746 3679 
3 7697 7994 6952 
3 1807 7532 2242 
3 4880 726 3555 
3 1377 7314 4826 
3 1979 3903 1080 
3 9957 20 5731 
3 6005 305 6225 
3 7430 252 13 
3 5850 9887 1270 
3 9892 5881 413 
3 6452 4969 1892 
3 3515 7581 640 
3 5443 579 7132 
3 4723 3698 467 
3 1167 8629 5951 
3 4811 153 2215 
3 1590 3509 4298 
3 8398 2002 2164 
3 860 9274 76 
3 3396 7666 5212 
3 2137 2669 8571 
3 2304 1502 6357 
3 4047 7176 6922 
3 9475 477 740 
3 6095 6563 4267 
3 5863 7826 6674 
3 6189 7496 6046 
3 4078 4750 2929 
3 4173 9280 3665 
3 4451 6291 6479 
3 5950 57 346 
3 3621 1549 4679 
3 2527 2358 395 
3 7713 5829 2629 
3 7906 9524 4554 
3 9337 8212 3233 
3 2019 293 3246 
3 4279 2432 4155 
3 5146 193 5161 
3 7951 1586 2898 
3 4245 2232 7036 
3 4246 414 3581 
3 1369 1953 649 
3 4922 1276 937 
3 8206 3761 6740 
3 8456 949 3146 
3 7252 3449 5346 
3 9830 8821 3902 
3 4662 7565 4249 
3 1416 83 7024 
3 5026 6544 7804 
3 8986 2799 9065 
3 6104 6210 9526 
3 6244 5895 4747 
3 568 7194 4314 
3 2634 2531 9157 
3 2533 868 3838 
3 2751 1286 3261 
3 554 1650 3482 
3 9234 1194 2824 
3 3161 1084 4030 
3 3504 9313 4311 
3 1504 7197 3773 
3 7743 5200 3431 
3 2668 5714 3263 
3 16 8229 9105 
3 9543 4653 8498 
3 7236 7813 9294 
3 1516 1793 3748 
3 3806 4856 23 
3 444 2529 6630 
3 6270 5387 8675 
3 7653 4537 8965 
3 4328 1532 2047 
3 9333 1514 8440 
3 982 3930 7963 
3 1118 3332 1527 
3 1250 7490 4767 
3 2303 9458 4176 
3 9496 5672 5401 
3 6664 3174 3911 
3 9810 9488 9635 
3 8277 1032 4501 
3 1031 7018 6258 
3 6294 9692 4398 
3 6828 4623 4892 
3 8201 4914 9958 
3 2442 1201 6245 
3 6612 7150 3316 
3 1296 1986 4841 
3 8642 675 6920 
3 8952 7559 1452 
3 1891 9551 4578 
3 5237 9680 4001 
3 8355 3824 4713 
3 2671 5373 3125 
3 5199 2712 1027 
3 9260 9085 6510 
3 2264 6822 4935 
3 3880 8179 9251 
3 8654 2422 499 
3 5175 6852 8727 
3 8729 6430 5834 
3 6744 5059 2143 
3 5980 9711 6569 
3 3513 6962 8289 
3 1606 6494 6693 
3 1618 3407 9149 
3 3747 5769 5043 
3 8177 4144 7761 
3 8067 9002 7622 
3 4605 365 4775 
3 5641 4447 9022 
3 225 3099 459 
3 8918 4164 4898 
3 9858 6093 858 
3 4095 5400 6604 
3 7957 2328 8981 
3 30 8235 4407 
3 8808 3147 8897 
3 7828 8593 7418 
3 3570 9655 5097 
3 115 9272 7237 
3 8567 9611 2402 
3 6846 4562 6118 
3 9624 9181 7600 
3 6600 1806 7849 
3 1951 123 1898 
3 2335 185 6130 
3 8382 3547 1058 
3 9985 3274 1110 
3 6323 1132 7721 
3 5831 3355 5471 
3 5098 6398 6590 
3 4482 6002 1978 
3 2235 1865 4558 
3 576 2570 9073 
3 8978 2946 7190 
3 7048 8108 6126 
3 1669 6851 6727 
3 6766 4156 8472 
3 94 8756 5442 
3 2046 8393 8806 
3 6993 9927 7868 
3 6472 6899 2220 
3 9771 8340 7273 
3 7616 8753 7085 
3 5077 7127 1639 
3 4840 2466 8388 
3 2205 7315 6078 
3 4197 4694 4546 
3 7665 4325 6669 
3 7247 6090 2240 
3 7899 2333 5019 
3 1835 7693 5505 
3 8372 1288 3615 
3 1754 9613 5944 
3 8572 5041 9338 
3 2582 7634 9745 
3 6711 3078 9859 
3 3587 5812 6304 
3 2591 896 7329 
3 3883 473 8734 
3 6524 4489 8129 
3 7805 4804 6223 
3 8640 2216 2294 
3 899 1848 516 
3 2911 3506 5323 
3 1774 4564 2105 
3 6774 1271 160 
3 1266 7460 1313 
3 2234 7815 5460 
3 7275 9003 2549 
3 5621 1192 1137 
3 5800 2730 3884 
3 5613 3265 22 
3 6697 6560 5189 
3 1849 101 143 
3 6671 3878 9603 
3 9948 9013 5702 
3 1212 6990 9877 
3 8573 419 4172 
3 3324 5140 6356 
3 3664 6739 3038 
3 3439 8996 8994 
3 5276 8021 4308 
3 7121 2199 3281 
3 4312 2754 7491 
3 6803 9134 2237 
3 1086 3933 4746 
3 2136 7123 1653 
3 2390 1699 2453 
3 906 3402 5268 
3 7931 5171 5134 
3 417 753 6064 
3 2781 9744 7686 
3 9261 5397 9029 
3 558 3097 8773 
3 4217 6063 2793 
3 3578 4255 6581 
3 3849 9679 4394 
3 8716 6023 796 
3 9844 5523 2016 
3 6414 2417 550 
3 5426 8411 4136 
3 7510 6035 4196 
3 1656 8084 5234 
3 9230 9194 3782 
3 1480 1170 1127 
3 2268 5598 6595 
3 381 1488 6831 
3 4918 3873 6636 
3 5903 9008 2852 
3 4599 1461 2289 
3 4818 7117 6132 
3 828 7400 8049 
3 2775 3491 4630 
3 159 1172 1093 
3 219 2406 1624 
3 8316 3888 2621 
3 3131 2444 9759 
3 9901 5253 7233 
3 3817 4678 7786 
3 8759 6261 4613 
3 6520 8464 5246 
3 2951 8793 1783 
3 3381 8789 6096 
3 8166 472 6227 
3 279 1814 8618 
3 3442 6517 4910 
3 893 1404 1985 
3 6432 8633 1665 
3 6529 6953 2068 
3 5736 133 6373 
3 5770 1867 217 
3 2334 3965 1627 
3 7788 7903 7684 
3 7309 3262 8539 
3 3334 4094 2731 
3 845 3783 8987 
3 3300 2750 4932 
3 218 7501 1836 
3 9502 5313 3584 
3 2065 5972 5577 
3 5398 4487 7925 
3 610 7969 3401 
3 5966 9575 6180 
3 8165 9535 5391 
3 4193 4479 1801 
3 3721 3312 9534 
3 5586 4088 3744 
3 2554 5917 1781 
3 2281 2987 1221 
3 2711 1208 5132 
3 669 3862 7110 
3 7388 5064 7898 
3 5104 6586 651 
3 7675 401 8665 
3 1899 1184 9200 
3 7371 3927 9660 
3 7980 3539 990 
3 2722 1646 3445 
3 6417 1904 4894 
3 6812 5370 2376 
3 3929 9846 1716 
3 2947 8694 7289 
3 2184 7695 5599 
3 5594 9941 934 
3 3411 3947 5481 
3 2326 4544 1292 
3 9770 3085 2464 
3 3076 1638 3124 
3 545 4538 9754 
3 89 7672 9882 
3 7502 4529 7065 
3 8638 4981 3216 
3 4428 292 5345 
3 8525 144 9156 
3 2173 3807 2087 
3 2560 249 827 
3 9356 7043 7664 
3 3017 3424 1935 
3 8934 163 1928 
3 1683 6770 757 
3 4669 5511 8015 
3 771 1299 3521 
3 7902 1130 977 
3 7907 9209 8842 
3 4628 8584 6259 
3 6405 8268 3115 
3 7744 4163 2835 
3 6497 9670 7177 
3 1120 6973 9089 
3 4833 2050 6958 
3 894 7608 1870 
3 1138 2480 6805 
3 304 930 2057 
3 9140 2463 8732 
3 3580 6307 1469 
3 2022 2990 5122 
3 6409 6068 207 
3 2567 7096 9785 
3 4842 4553 5804 
3 691 4646 5429 
3 4882 316 8709 
3 199 3610 7553 
3 4149 618 8853 
3 7962 6331 9860 
3 241 3313 2011 
3 7014 7223 1331 
3 3941 1209 8273 
3 157 288 8776 
3 7134 7274 2227 
3 356 4392 8409 
3 6301 6541 8298 
3 4948 287 2564 
3 9491 3893 5725 
3 9152 5192 8886 
3 7640 3178 7216 
3 7878 9225 7642 
3 3186 4337 8502 
3 2179 7163 5514 
3 3541 3353 9179 
3 6425 728 643 
3 865 7544 8068 
3 6897 1227 5206 
3 8645 5550 5254 
3 4468 1652 9710 
3 819 8534 5718 
3 862 5060 2418 
3 616 5182 4714 
3 6387 1971 1958 
3 3006 1277 1574 
3 9100 5329 6213 
3 2288 7019 9647 
3 7229 4355 9863 
3 108 6904 3753 
3 9406 9367 5663 
3 6513 4789 2805 
3 1841 7298 5578 
3 7546 7795 8870 
3 4226 6087 8310 
3 9553 5612 733 
3 5658 8941 867 
3 186 5424 8740 
3 2239 425 3425 
3 5825 4634 2563 
3 5952 6629 7087 
3 1495 3438 6796 
3 3536 8141 9870 
3 2841 5741 9885 
3 9329 784 4508 
3 9617 6814 4598 
3 2163 3798 5534 
3 5848 9232 4143 
3 7948 1809 9172 
3 7349 2344 4791 
3 8564 2201 2435 
3 769 2318 9158 
3 226 1615 1376 
3 378 3812 7556 
3 9423 5958 6484 
3 5771 3208 9570 
3 3712 9582 5611 
3 1661 5510 9590 
3 800 7091 1479 
3 347 348 1563 
3 2689 4693 3209 
3 2577 6620 5573 
3 1700 719 8321 
3 9314 789 6748 
3 7365 4906 8309 
3 189 1685 4518 
3 7333 1099 4726 
3 6253 7799 9862 
3 2152 7441 8103 
3 1403 4986 7434 
3 383 9876 4290 
3 4403 9346 128 
3 6125 8771 9555 
3 3917 9954 5409 
3 2586 958 1788 
3 7060 8493 6917 
3 2451 1909 7835 
3 7541 4211 7580 
3 1949 8086 1235 
3 7459 9205 441 
3 415 5294 8347 
3 4939 633 6701 
3 6692 2470 349 
3 7758 5183 1494 
3 5316 1196 1131 
3 3213 4709 9819 
3 2012 7140 7946 
3 8064 1180 1284 
3 1679 6456 4996 
3 2878 1188 1799 
3 8960 3327 2356 
3 2382 8379 1119 
3 1230 3949 3784 
3 6279 5379 5148 
3 8080 8686 8282 
3 703 9323 2550 
3 5343 1993 361 
3 203 6457 1868 
3 3860 3859 863 
3 291 831 9737 
3 509 8875 2035 
3 5694 7479 7807 
3 8412 2498 1611 
3 1323 405 1335 
3 5410 5779 2483 
3 388 7669 280 
3 3821 9999 4 
3 8406 782 693 
3 1732 4621 7965 
3 6843 9372 7507 
3 1105 3247 1818 
3 935 2384 8726 
3 7753 6085 268 
3 2378 4344 8970 
3 4632 4633 922 
3 7251 8784 2324 
3 9102 4675 8410 
3 8985 8955 5833 
3 9663 4664 2789 
3 1135 2579 1133 
3 200 9807 7307 
3 3394 5699 4254 
3 1111 227 6407 
3 5051 4734 6233 
3 1074 4330 3787 
3 4950 1046 258 
3 4979 2405 8461 
3 4107 8523 4461 
3 2086 8791 7667 
3 2942 1553 9742 
3 5844 983 1987 
3 3922 6635 1029 
3 6500 376 2541 
3 9636 5356 318 
3 2311 7791 2373 
3 9604 3639 2386 
3 5977 3389 3386 
3 9701 662 811 
3 3292 9724 6983 
3 9533 4371 794 
3 2508 8164 342 
3 9644 5005 9632 
3 9148 9557 9162 
3 7092 8731 6158 
3 5177 4425 741 
3 9186 3385 8602 
3 3199 6434 2410 
3 2676 6371 8374 
3 2715 7322 2030 
3 173 3827 491 
3 7399 9717 5327 
3 8491 5413 8725 
3 5885 9773 2883 
3 8872 7820 409 
3 4369 2825 4220 
3 872 7992 1534 
3 6647 3866 8136 
3 9342 3819 621 
3 6420 1992 7706 
3 4810 3008 6254 
3 3756 6242 1918 
3 5266 5187 7627 
3 7340 4273 5210 
3 2934 5957 4651 
3 2747 1897 7712 
3 148 69 9977 
3 5073 7069 4323 
3 5643 1705 3225 
3 3267 821 8857 
3 1439 1206 5399 
3 7636 4435 1329 
3 6678 1415 3794 
3 3799 1063 195 
3 1554 1045 7832 
3 7228 9282 984 
3 3935 1969 9609 
3 4978 917 7033 
3 3058 5853 5840 
3 1731 652 2427 
3 6499 6480 9362 
3 4535 1610 9327 
3 7736 2166 2172 
3 6234 6174 5883 
3 9159 2503 7547 
3 4356 5045 5979 
3 901 2803 2873 
3 2884 312 7093 
3 605 7264 4260 
3 4103 3227 508 
3 3620 7165 8728 
3 4237 5470 4807 
3 483 7408 5265 
3 8613 7243 437 
3 435 8758 3466 
3 4214 3474 7393 
3 9963 5361 3144 
3 7276 4032 8879 
3 7938 5167 8570 
3 4860 8142 2500 
3 8395 9787 9070 
3 4224 6841 5508 
3 6654 7416 179 
3 8780 8778 987 
3 7588 8770 6901 
3 1654 4372 6077 
3 8507 5350 194 
3 5745 7793 2330 
3 6675 3636 7097 
3 2996 5340 9822 
3 4822 9775 7915 
3 4758 2425 7172 
3 8535 9011 1305 
3 209 7639 3879 
3 9415 4577 303 
3 2556 6187 7427 
3 2170 9380 6853 
3 3530 192 184 
3 1142 7789 2206 
3 4732 7059 4972 
3 8877 9749 596 
3 111 8144 8311 
3 118 3476 3984 
3 4890 4891 2769 
3 8117 3082 8786 
3 7578 8038 7098 
3 7561 1614 8114 
3 8975 3189 9931 
3 8224 729 4376 
3 8961 5067 1831 
3 9571 4175 7942 
3 7086 3044 9264 
3 2520 9421 5279 
3 478 3777 8417 
3 482 6141 5107 
3 8405 9218 4285 
3 7883 6128 5557 
3 8361 7856 1728 
3 9436 230 6308 
3 8135 121 6411 
3 1972 1517 7741 
3 6614 1485 6902 
3 2485 2974 7590 
3 3493 5696 4724 
3 4523 5906 2512 
3 4952 2812 2808 
3 5993 5983 908 
3 2771 9556 5747 
3 3727 3717 8272 
3 3716 8061 8244 
3 1695 6156 7075 
3 274 6559 9031 
3 4232 4699 7483 
3 781 9793 7077 
3 1625 1350 8462 
3 7045 156 6682 
3 8075 6720 3685 
3 7606 6177 6833 
3 5483 2098 5504 
3 4899 2039 8009 
3 1496 4470 7847 
3 8530 8002 6937 
3 7187 4098 61 
3 6545 6607 256 
3 1283 1226 311 
3 1177 4845 424 
3 833 507 574 
3 9736 7017 8011 
3 6428 1937 7730 
3 8110 5304 2110 
3 6265 8698 8045 
3 3635 2271 2272 
3 8500 5533 8797 
3 5617 2532 9126 
3 2602 8880 5727 
3 7864 4333 2827 
3 5870 8220 4063 
3 1749 8561 5213 
3 6429 8542 8868 
3 1326 1696 5023 
3 2447 3307 1171 
3 7533 1804 8494 
3 428 4913 4427 
3 81 7248 2298 
3 866 4297 1753 
3 3023 5938 682 
3 3053 5783 3059 
3 6026 6971 9686 
3 7550 4876 7068 
3 3108 2657 1006 
3 8556 4588 5377 
3 9498 5382 795 
3 9301 4980 8159 
3 1501 8635 1513 
3 1634 3690 2231 
3 1984 7404 9457 
3 1917 9357 4966 
3 4440 5260 5262 
3 7337 5158 7833 
3 5754 7682 6075 
3 7830 9296 1703 
3 8473 8190 7929 
3 959 8441 6551 
3 903 8924 4262 
3 6998 5480 803 
3 9910 4305 7367 
3 406 5008 3993 
3 3469 2252 7030 
3 7711 1789 1166 
3 9932 6539 8850 
3 5907 3268 7292 
3 9007 7138 7022 
3 9521 7139 6293 
3 538 1622 8968 
3 5632 7514 7067 
3 3205 3266 9823 
3 3361 5585 7453 
3 8555 3534 5472 
3 4770 3846 182 
3 8592 1275 6237 
3 2673 4591 6257 
3 1307 2310 6021 
3 2357 7584 6617 
3 2583 6412 1932 
3 5910 6098 2393 
3 1762 2900 4851 
3 1149 5010 9577 
3 1191 3416 4843 
3 6799 7688 3963 
3 4060 6519 4048 
3 1824 6533 4019 
3 4793 6393 9548 
3 5281 3854 2138 
3 3705 4453 4830 
3 7281 4923 6848 
3 658 4283 4893 
3 668 3154 9698 
3 9044 2645 603 
3 9042 5693 7102 
3 5926 7523 3286 
3 6859 7129 5900 
3 8541 2928 921 
3 4571 6643 224 
3 8085 3803 1770 
3 3810 9297 25 
3 2026 2961 9311 
3 7658 9411 698 
3 7000 2899 6961 
3 6454 1612 1878 
3 3994 7985 2546 
3 1190 452 9861 
3 8001 2385 4236 
3 5100 9189 3382 
3 3169 6222 341 
3 2664 9914 275 
3 5430 5640 7574 
3 4911 3611 3591 
3 7071 6040 5838 
3 6185 3696 6509 
3 7890 6119 8000 
3 5828 6862 5809 
3 5538 6592 6195 
3 8231 6334 7782 
3 6031 6923 6290 
3 7852 526 54 
3 1775 9972 3454 
3 2662 746 2656 
3 659 3719 582 
3 9101 4009 9270 
3 3619 2153 4691 
3 3990 468 9229 
3 2280 238 9204 
3 9554 1302 319 
3 8334 9146 886 
3 8554 972 3523 
3 27 9059 2709 
3 9825 9720 1134 
3 7488 1667 3754 
3 6283 180 4821 
3 9024 3156 6850 
3 9933 412 6199 
3 2525 4525 2980 
3 8034 8109 1316 
3 7261 7504 5549 
3 999 6772 2038 
3 3413 1873 8118 
3 7011 6491 4209 
3 6391 5635 1777 
3 5386 6516 7222 
3 9150 4520 4581 
3 379 1087 5778 
3 4556 8757 6792 
3 6163 8546 4987 
3 573 2010 4174 
3 3645 5014 5227 
3 2154 5697 9400 
3 8508 9336 3383 
3 1725 1880 4252 
3 422 4132 4034 
3 3843 5257 5859 
3 5949 8098 4705 
3 8344 1308 8318 
3 1237 2758 3201 
3 533 4438 4062 
3 9833 2706 5527 
3 7005 986 2733 
3 3643 1664 1374 
3 7183 4976 1290 
3 9929 5153 1964 
3 7042 5406 6631 
3 1915 5108 5619 
3 3340 154 9321 
3 8511 7882 583 
3 2858 5049 9638 
3 5539 3788 1401 
3 5029 5342 3546 
3 911 2431 5466 
3 3628 9164 7921 
3 5820 7822 360 
3 5681 3088 5682 
3 3301 3464 7142 
3 1497 3275 2807 
3 9560 3752 2083 
3 8862 8420 4832 
3 302 5280 8796 
3 4251 1148 7573 
3 7986 5912 1147 
3 575 93 7607 
3 630 4929 5229 
3 6485 3035 4426 
3 6549 4450 4681 
3 3992 2192 3816 
3 5338 9055 883 
3 4483 2553 5774 
3 2279 6260 7783 
3 6686 4973 5287 
3 4752 2186 4762 
3 6039 1766 4517 
3 1551 2988 2770 
3 4231 5498 3455 
3 3329 8816 8380 
3 5113 8012 9319 
3 2202 9239 1954 
3 3602 2886 4622 
3 6694 6511 4769 
3 1065 537 5700 
3 6508 1399 6776 
3 823 8860 2377 
3 4388 5162 9712 
3 3259 6554 8304 
3 3662 3616 9816 
3 9171 322 1436 
3 4165 1265 9451 
3 9586 9715 7848 
3 9608 9057 8761 
3 9370 1238 8545 
3 1540 7661 5444 
3 1613 5535 9399 
3 888 8275 3074 
3 6074 8439 6079 
3 9281 4379 9176 
3 2104 546 2121 
3 7481 2895 1424 
3 8203 7829 2603 
3 1298 7217 3191 
3 7167 5766 8992 
3 493 4667 9097 
3 4263 1002 5819 
3 7717 5814 7844 
3 3796 8695 8232 
3 7652 273 8957 
3 4954 6690 4505 
3 9869 7266 8747 
3 8984 2423 6704 
3 2439 7467 2380 
3 6570 3623 3586 
3 5453 4545 938 
3 4928 5448 2963 
3 9245 5099 2823 
3 1920 9664 4754 
3 9592 8455 1444 
3 7099 9812 5333 
3 9284 6493 6319 
3 2889 814 8988 
3 1162 3399 6606 
3 6821 9248 4806 
3 1462 7564 3671 
3 8599 3759 9500 
3 6714 8685 6618 
3 3804 8604 1187 
3 1405 4354 7321 
3 1854 9107 7716 
3 660 6109 3343 
3 4641 626 598 
3 6390 1558 2051 
3 6343 6337 3256 
3 4594 2128 8359 
3 7179 4457 394 
3 6212 9060 734 
3 6054 5512 6000 
3 1583 9474 6007 
3 7342 9386 5141 
3 2691 826 7668 
3 9050 4813 5811 
3 5299 3041 3049 
3 3057 6788 161 
3 1198 8104 4602 
3 9981 8951 7270 
3 8972 4666 2906 
3 6088 5915 5890 
3 2839 3133 1559 
3 5463 6939 1581 
3 4157 8768 4050 
3 5120 697 8474 
3 677 9322 5225 
3 2157 4464 6400 
3 9851 3338 9536 
3 6284 3220 3027 
3 8713 2797 3492 
3 1521 9434 3503 
3 5742 9041 9051 
3 7872 2522 9020 
3 5921 7626 6753 
3 9375 6474 1478 
3 6065 1808 9298 
3 1882 9345 2597 
3 6142 2537 3348 
3 7239 8415 7061 
3 5273 7015 8540 
3 5238 9890 9634 
3 4269 8251 4956 
3 4059 5133 8624 
3 8228 6797 3916 
3 269 7431 5188 
3 7279 38 2551 
3 1082 3695 4739 
3 7381 8214 2415 
3 7745 8429 72 
3 8147 9821 5032 
3 5419 3110 51 
3 6868 3321 1575 
3 2424 6435 1020 
3 7919 8855 6650 
3 9145 695 6143 
3 8628 6804 6441 
3 9010 8794 2502 
3 3467 5782 6730 
3 2504 4444 4184 
3 8610 686 1597 
3 6562 6751 1580 
3 4247 4768 1466 
3 6006 3585 3242 
3 9240 3173 7989 
3 6921 965 2692 
3 7660 9479 8559 
3 5973 8560 3391 
3 9312 9682 5807 
3 6018 2200 6339 
3 8819 2436 6743 
3 2890 9259 1658 
3 2420 8155 1333 
3 3217 3210 3495 
3 837 4002 6055 
3 1942 871 9193 
3 2116 3813 2161 
3 8128 881 1059 
3 1412 6924 1541 
3 7900 7334 8463 
3 6402 3502 7732 
3 4701 7772 5851 
3 4327 1594 7058 
3 3444 8933 8446 
3 895 9706 8742 
3 2821 1635 7343 
3 9175 5469 323 
3 3373 9473 5150 
3 786 1413 7306 
3 3222 5740 2543 
3 6905 8381 7855 
3 8881 7766 7433 
3 5038 2066 9623 
3 7656 2740 2695 
3 5274 9648 2773 
3 6832 8419 4802 
3 5816 255 4819 
3 9032 7623 638 
3 6288 8605 181 
3 7982 5117 523 
3 672 2147 8596 
3 8331 3785 653 
3 4737 4672 5607 
3 1297 4018 7988 
3 7047 1518 6230 
3 3669 8248 9478 
3 8836 1579 3325 
3 1547 3577 3030 
3 41 8065 6354 
3 1802 6136 4616 
3 338 9233 3419 
3 8615 9837 1846 
3 12 9190 8646 
3 2866 175 5596 
3 1902 6749 450 
3 768 2635 759 
3 1000 2611 9506 
3 2108 8073 3707 
3 7245 7052 5055 
3 9990 3117 7654 
3 7211 1973 4373 
3 7916 6919 8039 
3 5678 7332 3195 
3 2168 6401 2510 
3 130 7781 6773 
3 5614 5147 1077 
3 7258 2936 7827 
3 4846 4648 6269 
3 2325 2831 3070 
3 2218 5889 9881 
3 6416 2587 5018 
3 627 6392 3240 
3 2314 5877 3091 
3 6216 5169 7268 
3 6845 4177 2452 
3 5241 2782 4153 
3 4148 2725 308 
3 4896 7857 4829 
3 6621 6619 4040 
3 3663 961 8053 
3 988 4077 7527 
3 4718 169 3863 
3 9098 7007 3928 
3 2993 4797 5286 
3 1168 6162 449 
3 271 8396 7272 
3 9815 9212 8356 
3 7871 4885 3700 
3 9854 974 2 
3 9832 6101 5259 
3 3790 6154 6708 
3 7638 1306 9255 
3 2175 7808 6737 
3 531 2745 2517 
3 1060 1407 4014 
3 4020 6948 1947 
3 5072 7492 6999 
3 1693 4160 6542 
3 7066 8533 7081 
3 600 4205 776 
3 6468 6579 2372 
3 8365 7040 3600 
3 4715 411 9023 
3 3086 4710 9685 
3 940 6166 326 
3 515 6186 5698 
3 805 3479 3409 
3 9046 5569 2757 
3 5601 2948 9188 
3 1278 4609 3426 
3 1075 8499 3150 
3 6754 8927 7405 
3 315 2049 9027 
3 8257 1499 7372 
3 215 9964 7131 
3 517 4393 106 
3 3080 9120 5252 
3 2526 8008 1079 
3 2511 8662 5788 
3 3335 4971 4575 
3 5757 9865 7246 
3 4486 1857 6179 
3 2882 7109 1317 
3 6382 9814 8681 
3 5068 7394 1944 
3 6081 8703 5589 
3 3670 4258 466 
3 5428 6912 8998 
3 3477 7531 3488 
3 6969 8717 9438 
3 6967 8303 6947 
3 1095 8890 6278 
3 7299 2562 1207 
3 6763 2142 9601 
3 5030 2082 5965 
3 3254 3279 1139 
3 5978 5272 2013 
3 7125 6344 5351 
3 7111 939 1158 
3 8131 9484 9139 
3 314 2518 9694 
3 8891 3898 5439 
3 309 9673 1395 
3 5376 5282 6615 
3 9669 9495 9646 
3 6358 8312 5887 
3 191 3333 8826 
3 7973 6082 7311 
3 5884 448 6341 
3 4384 9226 8211 
3 3138 2552 3073 
3 9081 4938 8749 
3 3522 6968 3497 
3 9000 2959 8805 
3 2370 7719 9330 
3 5297 4794 2847 
3 2842 4676 2908 
3 2569 2681 2916 
3 9324 1588 3193 
3 7949 3202 4027 
3 8154 542 6876 
3 7072 3346 1941 
3 1273 1929 1924 
3 5080 7055 8173 
3 6453 7513 1358 
3 1813 6854 8052 
3 9884 6745 6787 
3 997 6591 5786 
3 3084 2426 3025 
3 1216 3090 8944 
3 3637 9693 6808 
3 6153 3165 9774 
3 8581 9099 1525 
3 4218 7327 8549 
3 1706 1477 6024 
3 5215 8744 1619 
3 1511 9448 5516 
3 9021 9410 4780 
3 7528 799 77 
3 3450 1437 3405 
3 4614 298 8373 
3 2363 4513 1153 
3 3118 1252 485 
3 2921 7465 1258 
3 7159 8600 1113 
3 2122 8661 6330 
3 202 571 2029 
3 2607 1102 6830 
3 641 4287 7392 
3 9991 2492 1097 
3 1182 7655 5985 
3 9505 6633 1470 
3 1107 7184 6375 
3 9829 228 2126 
3 521 6094 7154 
3 498 1881 2211 
3 7458 6209 6201 
3 9886 7802 272 
3 964 690 1838 
3 9360 2622 6470 
3 720 798 806 
3 2653 1690 9447 
3 870 6556 910 
3 6933 3350 2931 
3 8209 3415 5837 
3 3211 8820 5437 
3 4625 5717 3487 
3 4445 4741 8569 
3 5417 7958 5790 
3 2966 5328 3961 
3 4507 5581 3977 
3 3102 4660 5576 
3 3164 2834 4389 
3 3095 4421 2505 
3 5365 7845 2636 
3 9087 9006 7977 
3 7156 1989 7171 
3 9610 3341 6447 
3 1911 7987 8087 
3 418 3395 8221 
3 5595 6108 6445 
3 1254 4443 2540 
3 481 486 3417 
3 6069 306 7174 
3 5493 1348 9696 
3 7120 3680 3472 
3 577 4334 6314 
3 3064 9800 5509 
3 2663 829 4272 
3 9465 3157 9217 
3 8265 764 5968 
3 1460 4377 9625 
3 549 1465 6871 
3 5924 7484 7585 
3 8812 8595 4271 
3 9788 5722 3158 
3 544 1211 4466 
3 5347 3109 8503 
3 5263 5275 6880 
3 607 7162 6881 
3 1039 4441 4365 
3 2433 8631 9811 
3 3852 7797 2352 
3 4422 6945 2933 
3 8532 9794 1832 
3 299 6634 7364 
3 7260 3644 3453 
3 2633 7840 114 
3 9371 7858 2700 
3 9084 9547 6009 
3 5929 3434 5473 
3 6622 4828 4733 
3 1864 1764 3529 
3 8763 1555 2909 
3 5479 1862 5892 
3 3549 3414 112 
3 9905 5364 536 
3 5792 9943 5088 
3 5925 4712 5928 
3 4721 6167 566 
3 1066 2365 880 
3 4122 88 7360 
3 9030 3194 2359 
3 6930 7749 5691 
3 6535 671 5423 
3 3486 3051 4738 
3 8062 4937 2756 
3 3019 8969 3871 
3 2515 2229 7257 
3 1850 2955 5322 
3 1829 5568 5495 
3 5964 2897 3823 
3 1289 8170 8219 
3 763 9117 815 
3 7511 6644 2665 
3 3296 7887 7651 
3 4417 9934 1195 
3 2658 9316 1599 
3 9369 8676 5961 
3 8893 1585 1647 
3 1631 9469 8495 
3 777 4158 822 
3 8883 7001 1447 
3 1890 3780 8655 
3 1320 7628 8513 
3 3363 7637 1355 
3 3427 1811 6395 
3 3440 1183 3310 
3 6282 8077 2052 
3 9393 5404 3243 
3 5222 5680 1016 
3 9662 3633 8557 
3 5176 1557 2176 
3 6285 391 2863 
3 4584 8345 4416 
3 2348 5009 260 
3 6151 6224 329 
3 9082 2285 6033 
3 3016 2978 9772 
3 423 5862 7192 
3 7474 8278 9839 
3 7735 3897 9224 
3 6783 5298 3797 
3 8832 3968 9155 
3 8594 3018 3251 
3 7493 6183 3218 
3 4025 4028 3734 
3 5969 7383 8748 
3 7398 1582 7401 
3 1474 7690 9074 
3 2659 5384 5321 
3 7283 7842 6049 
3 2651 4642 5888 
3 3772 5003 5591 
3 3847 3360 5095 
3 3187 904 6986 
3 8174 3177 8469 
3 9804 8882 2238 
3 5734 4309 1145 
3 5063 6458 5296 
3 2301 812 1999 
3 5543 4610 4191 
3 8831 9628 9733 
3 646 6815 2224 
3 5624 7063 4494 
3 9723 4962 4512 
3 7897 4985 2594 
3 380 4533 7773 
3 6438 3328 5070 
3 2614 3901 8660 
3 6305 1186 7611 
3 3494 2075 91 
3 5940 2703 8443 
3 3255 5767 7345 
3 4740 1550 1686 
3 587 6593 2100 
3 4763 3625 8739 
3 6321 9470 5537 
3 8762 4108 8730 
3 7417 6496 4728 
3 5963 609 3471 
3 5674 2693 7377 
3 8475 6543 8156 
3 7025 9347 9208 
3 1608 5105 1295 
3 8928 1454 3667 
3 2660 5542 3722 
3 700 1435 4198 
3 7646 4229 7854 
3 1337 6518 8230 
3 7347 1859 9764 
3 7241 1346 4547 
3 4360 6767 5057 
3 650 1970 2997 
3 1176 5015 4300 
3 5709 2107 5690 
3 2561 1035 928 
3 9291 3988 567 
3 6860 4006 6866 
3 555 5689 2140 
3 8772 572 4109 
3 2332 220 9735 
3 6652 6427 9178 
3 4757 7421 5822 
3 3400 6885 9303 
3 6150 9589 6875 
3 9641 5027 2696 
3 6512 5528 3026 
3 158 7185 1727 
3 8424 2919 2088 
3 670 5603 2054 
3 7894 2885 6378 
3 2476 1852 9037 
3 8867 4082 3111 
3 7476 374 9883 
3 5309 6239 2253 
3 510 4423 9254 
3 6709 8400 3446 
3 4414 5677 2734 
3 1578 7843 2743 
3 74 2299 4895 
3 6272 3936 5639 
3 7670 4080 9645 
3 8 8302 1091 
3 9960 64 570 
3 4227 5311 4239 
3 3763 267 4583 
3 8227 8368 527 
3 4133 9904 1391 
3 8100 5160 492 
3 6718 8185 1303 
3 8090 8389 4684 
3 4012 1473 6858 
3 7486 3693 165 
3 4868 196 7339 
3 6840 4413 8458 
3 5388 6661 5267 
3 4195 3762 2181 
3 5685 1745 9258 
3 9387 1691 5943 
3 8913 9236 3447 
3 3079 2018 6073 
3 3048 1995 5588 
3 9045 3331 6114 
3 3290 9318 5545 
3 4645 1443 1068 
3 1064 2306 3349 
3 4013 5604 1243 
3 8319 216 6403 
3 7932 9076 8246 
3 3119 1022 6750 
3 7571 8223 427 
3 9339 8113 5798 
3 4519 5021 7801 
3 7112 1872 1345 
3 7106 5760 3054 
3 9622 8945 1285 
3 2620 2042 4313 
3 1217 3890 2349 
3 2910 3658 1567 
3 7350 8735 1530 
3 5726 6274 5123 
3 9237 6536 3588 
3 5135 8254 2204 
3 8158 8291 5936 
3 9950 8171 3624 
3 3179 6940 2248 
3 9309 4944 761 
3 337 7438 8366 
3 4930 5464 3423 
3 1858 591 6527 
3 8451 5642 9903 
3 943 8979 9591 
3 4128 8536 519 
3 5317 6281 1223 
3 4764 5636 3801 
3 4761 4967 5293 
3 1885 957 8936 
3 8620 3046 9616 
3 6707 6806 696 
3 5755 9969 2680 
3 248 2790 9786 
3 3684 5749 3270 
3 8906 5395 4243 
3 2230 9278 7031 
3 788 2698 1515 
3 2720 7020 632 
3 1803 6670 9409 
3 9973 1410 2044 
3 1805 6918 2801 
3 1076 5554 4065 
3 6996 8497 942 
3 3907 4409 5701 
3 5668 4120 736 
3 6277 9266 6950 
3 9700 9661 9136 
3 5079 6829 5127 
3 629 8521 7002 
3 6817 5247 7771 
3 4053 5789 3039 
3 4266 993 4257 
3 1054 6374 3314 
3 1982 7535 5661 
3 2568 4781 5499 
3 7429 7335 8813 
3 3612 5458 4500 
3 5491 1663 2876 
3 9955 7224 3768 
3 3500 9427 9970 
3 8760 222 7293 
3 5331 3837 5960 
3 242 4697 8213 
3 5436 4317 9017 
3 9384 1109 6825 
3 6683 2379 1741 
3 1438 2888 2269 
3 2829 4042 8323 
3 7235 2717 4234 
3 2688 162 1018 
3 5220 140 9798 
3 8237 7570 138 
3 4658 9379 1506 
3 9951 7089 7657 
3 4022 8505 4920 
3 6660 7873 4123 
3 9681 6105 920 
3 1931 8528 950 
3 8827 9902 1645 
3 3326 2473 6765 
3 856 1218 4834 
3 5179 7679 9257 
3 7389 5995 7901 
3 5876 1324 1151 
3 2580 5456 9975 
3 1319 9348 3915 
3 7200 9331 5407 
3 1628 9462 2097 
3 5485 7886 4795 
3 9842 1490 5201 
3 1539 5454 809 
3 4216 5218 1576 
3 5521 5675 3219 
3 6982 5137 6019 
3 7853 8522 9444 
3 1141 637 284 
3 8647 1219 4919 
3 3068 2860 6684 
3 8963 8817 6460 
3 8436 294 1338 
3 352 5360 6734 
3 8195 7122 5036 
3 8422 8807 475 
3 2557 2967 6406 
3 1055 2523 2291 
3 3714 3358 235 
3 9206 7062 7625 
3 4280 4458 8838 
3 6057 9138 4618 
3 2347 1225 5748 
3 8391 4408 7909 
3 9153 5012 7180 
3 503 5967 2474 
3 2925 8274 4620 
3 7300 237 9211 
3 244 7787 4274 
3 190 8329 262 
3 7928 7794 2251 
3 3033 9912 7498 
3 6072 107 9180 
3 2411 7227 410 
3 4963 553 7866 
3 4035 7760 1267 
3 5367 8552 1189 
3 6345 5353 3408 
3 1315 3909 3481 
3 6379 9355 1489 
3 7649 7599 1758 
3 1005 3953 3675 
3 9658 6888 3478 
3 6507 6807 8099 
3 8598 9249 5256 
3 4113 3741 8023 
3 1402 2171 7739 
3 8672 1826 8017 
3 7645 4530 8848 
3 7038 2850 4936 
3 9018 9544 9005 
3 4341 8083 623 
3 6504 1366 4698 
3 606 4873 9792 
3 5750 9090 9513 
3 7263 3731 8844 
3 2327 3975 8122 
3 6679 4288 2316 
3 5369 7287 7442 
3 1860 1956 6723 
3 967 5303 9066 
3 1977 966 1042 
3 4142 2174 4782 
3 3528 2930 8547 
3 1967 1263 3354 
3 4988 4110 5180 
3 2739 390 1155 
3 8377 2690 3867 
3 2249 9493 5874 
3 2131 4115 4515 
3 2513 6014 7893 
3 5217 5432 3392 
3 7341 4121 4436 
3 8788 2521 6106 
3 5852 3848 6771 
3 5339 7737 7831 
3 3009 3374 581 
3 6368 4531 4370 
3 2902 3925 8292 
3 5138 1057 7370 
3 6488 3501 2076 
3 3668 1544 4735 
3 5193 4700 2678 
3 2262 5670 6025 
3 9026 3077 5111 
3 5688 9677 1626 
3 7967 4852 3283 
3 4306 4070 1070 
3 3552 7380 9207 
3 4850 9244 9926 
3 3560 3204 832 
3 7046 9872 4492 
3 4844 9424 4756 
3 5946 9039 5956 
3 3856 5842 5974 
3 505 7164 8878 
3 3729 2630 1386 
3 8351 277 8236 
3 1421 5894 1794 
3 5914 7891 6044 
3 9352 1294 7288 
3 9563 8078 9108 
3 6706 8657 4674 
3 1459 1733 9867 
3 3666 119 1088 
3 9219 4005 8586 
3 2067 3995 9789 
3 5242 1083 5224 
3 2371 1103 3066 
3 4353 6810 3918 
3 7913 2970 2275 
3 2270 2084 1008 
3 4037 979 8899 
3 5196 5129 3159 
3 5692 7539 3172 
3 6286 4127 7620 
3 8962 9160 2976 
3 7265 8181 2838 
3 6249 785 2744 
3 2178 2336 6120 
3 2468 4993 4568 
3 7593 6837 6836 
3 2857 6610 3971 
3 2225 9130 614 
3 4816 612 7254 
3 8774 715 7979 
3 187 2666 704 
3 8966 1633 9781 
3 9763 8526 6135 
3 7591 7568 7295 
3 239 7587 5091 
3 9945 3458 6625 
3 254 9377 7049 
3 6169 4119 1328 
3 4540 7352 9054 
3 7681 5580 3638 
3 8551 3598 2001 
3 9174 3634 7892 
3 8719 8269 9728 
3 5289 4503 4433 
3 3366 2794 8016 
3 8942 2021 6979 
3 5054 5185 2704 
3 5053 601 6388 
3 5302 3565 3683 
3 2530 2724 7517 
3 5412 3622 765 
3 9437 1655 8283 
3 3171 496 6975 
3 2796 6262 2792 
3 8708 2208 3660 
3 9485 9729 1531 
3 2244 3640 9403 
3 6755 6599 9253 
3 4429 762 3948 
3 6687 8829 9104 
3 8995 8792 5781 
3 9621 2397 3774 
3 578 8107 2605 
3 2003 3820 8399 
3 6801 7918 382 
3 1981 5799 7635 
3 5866 7207 5358 
3 3315 6099 6423 
3 434 6100 5768 
3 8007 9643 9392 
3 2972 6641 4888 
3 8688 5660 3260 
3 6487 5655 2479 
3 681 3835 4277 
3 1968 2631 1078 
3 6062 469 9803 
3 7462 9199 6548 
3 8669 2864 5765 
3 9596 7548 9982 
3 9989 8781 9826 
3 9349 8371 8124 
3 8127 8354 8130 
3 9364 9727 9501 
3 1 8095 7576 
3 8566 9593 9835 
3 8550 775 1933 
3 838 4548 2810 
3 6501 363 5306 
3 810 808 2763 
3 1905 66 1871 
3 1623 3532 455 
3 6247 1163 4411 
3 4901 141 2443 
3 2471 3958 4820 
3 3943 4608 250 
3 6894 5420 3865 
3 4138 4570 2391 
3 295 7143 2109 
3 1974 6191 619 
3 3234 5802 5997 
3 2194 1698 6045 
3 4270 561 3320 
3 5706 6083 4256 
3 504 6219 6764 
3 2729 6790 6029 
3 9385 5753 3284 
3 3043 7605 5996 
3 6869 4924 2617 
3 1442 3045 9671 
3 3181 9115 6907 
3 3249 595 6929 
3 3192 3007 8270 
3 5847 5867 4010 
3 3221 7999 7709 
3 3562 9750 6324 
3 3735 6338 5415 
3 6348 3403 1602 
3 1605 2969 5608 
3 1592 6440 3554 
3 5715 6131 2818 
3 6059 6056 6521 
3 5582 6566 5723 
3 1957 9762 331 
3 1966 5746 4219 
3 1327 8450 4345 
3 21 7080 7124 
3 2409 2103 1143 
3 4154 9627 1052 
3 1124 7478 7373 
3 2419 1213 2255 
3 3614 6838 4931 
3 6250 2846 9432 
3 1503 476 8020 
3 6886 6442 9512 
3 5546 1815 8013 
3 3448 9702 95 
3 1990 400 772 
3 5396 6781 792 
3 2918 9343 2699 
3 3568 436 7487 
3 1301 4446 6310 
3 9687 5349 447 
3 2283 7240 5075 
3 5465 716 2646 
3 7403 3289 9195 
3 892 3649 105 
3 5142 8582 6546 
3 2460 8151 9144 
3 2361 5159 7016 
3 4294 6561 5935 
3 9893 3224 7051 
3 1373 5739 1687 
3 8370 6663 4827 
3 1672 6931 6934 
3 3298 7414 3398 
3 4329 6949 1925 
3 1907 5315 8738 
3 5216 2779 3703 
3 1572 2840 6462 
3 7390 2826 357 
3 8720 4169 3646 
3 2355 6505 5992 
3 3101 5664 3122 
3 43 8902 6027 
3 26 4321 7353 
3 5764 5648 3269 
3 5801 4315 5810 
3 19 7905 3237 
3 9994 5861 5868 
3 3003 1903 2915 
3 8390 438 1887 
3 4437 4424 2998 
3 3489 7780 4484 
3 5501 2146 8504 
3 6181 3432 2150 
3 6145 9834 6124 
3 6900 7473 4825 
3 6819 907 4955 
3 4835 3934 4854 
3 3864 9069 9913 
3 2058 127 9899 
3 327 7147 1352 
3 7115 2748 6780 
3 9273 1038 8313 
3 1349 2383 8205 
3 9642 6646 8194 
3 6966 996 8337 
3 5575 5025 5421 
3 4192 975 3833 
3 8408 2133 2266 
3 6268 5002 8958 
3 3832 3861 9508 
3 1451 7420 4299 
3 2180 7885 8558 
3 4056 1738 7009 
3 2188 1414 9142 
3 1709 4326 2219 
3 2077 2257 1222 
3 1689 8912 5646 
3 2574 6122 9285 
3 261 6865 2056 
3 8245 4117 8783 
3 8014 3758 3771 
3 5145 9463 9025 
3 1537 9889 6760 
3 1596 6347 7508 
3 2319 2856 5290 
3 2774 6482 5292 
3 364 1960 369 
3 5037 4463 5223 
3 5124 2800 9565 
3 2913 367 3739 
3 816 2079 8162 
3 7301 4612 5264 
3 2236 3738 5261 
3 4242 3410 3063 
3 6525 1003 8364 
3 6020 6946 2408 
3 7076 3303 1773 
3 2813 3938 1334 
3 1543 552 9416 
3 5703 3369 5126 
3 134 6910 9522 
3 8070 5942 3874 
3 1548 8082 4683 
3 5934 9805 6564 
3 8755 2650 3688 
3 1607 749 4665 
3 7755 5034 14 
3 1481 6572 8360 
3 2392 8565 7996 
3 6891 5561 265 
3 9391 8459 5078 
3 1644 7157 6235 
3 3241 2448 1354 
3 9652 5195 8146 
3 5787 4007 657 
3 4563 3996 4677 
3 5184 5450 3919 
3 9562 4915 8668 
3 5352 3483 3510 
3 3575 9558 5519 
3 8076 3574 748 
3 9504 4186 754 
3 1304 3786 9619 
3 5 3954 1268 
3 9482 1269 824 
3 3937 5110 9668 
3 9430 8471 985 
3 3630 8496 4105 
3 4866 9435 4566 
3 5084 2701 6603 
3 7232 7225 7213 
3 7775 6011 2354 
3 9847 6037 122 
3 617 8948 8946 
3 129 6070 6080 
3 6173 7566 2454 
3 2477 7256 377 
3 3207 6455 6318 
3 5953 389 7271 
3 1834 6573 5562 
3 3851 232 9911 
3 4945 2917 9293 
3 7798 2599 7997 
3 9840 8590 8741 
3 9875 5637 5393 
3 3923 3061 6928 
3 8611 6955 1670 
3 3976 6372 324 
3 6609 874 6642 
3 6653 6530 890 
3 5115 9449 744 
3 1528 5284 7779 
3 9080 7621 5285 
3 484 8112 1604 
3 918 5431 5022 
3 9503 9440 310 
3 6798 4140 667 
3 9936 3365 1384 
3 4075 1692 8330 
3 8421 564 7128 
3 7023 4552 8852 
3 4539 4526 98 
3 7440 7865 4171 
3 5795 1128 4316 
3 8306 1389 4281 
3 8308 9401 4343 
3 6992 1782 2233 
3 8433 3372 7728 
3 75 8510 1024 
3 1545 7402 6413 
3 48 2195 8699 
3 3687 1264 1565 
3 3605 4404 4203 
3 8091 2820 7698 
3 1919 4380 6689 
3 8111 1291 8105 
3 8266 2449 6892 
3 2450 9118 2528 
3 9928 4729 8307 
3 4900 3952 4809 
3 9520 6977 3964 
3 1026 8588 8294 
3 4146 2292 2312 
3 4510 5093 3737 
3 1962 6759 7615 
3 9262 2360 1092 
3 6789 9184 7495 
3 9639 4643 176 
3 5712 3512 8982 
3 8888 5923 5478 
3 3250 6030 3418 
3 585 5922 3345 
3 2979 742 699 
3 6089 3452 855 
3 5194 6665 3702 
3 2346 7303 5130 
3 3910 7422 4542 
3 8809 8140 5152 
3 2092 4629 5455 
3 2421 9292 9615 
3 9579 8896 869 
3 9439 7910 7604 
3 5662 6791 9079 
3 8818 3184 2139 
3 3855 8856 4682 
3 5497 6826 8030 
3 1498 9052 963 
3 9304 6691 8634 
3 9088 557 1375 
3 6688 7644 2624 
3 3599 3175 8106 
3 4096 4455 712 
3 4753 8055 7750 
3 3069 8724 5797 
3 4817 3606 8925 
3 2416 7718 4178 
3 8583 5638 233 
3 1441 9777 6355 
3 6974 4289 8901 
3 1431 3291 4085 
3 3676 42 6538 
3 9516 8700 9177 
3 1229 8939 5249 
3 5806 2981 851 
3 3538 5300 7968 
3 9909 2623 4182 
3 4189 1786 9672 
3 4991 80 6117 
3 8846 945 7998 
3 3981 6113 9665 
3 3881 4838 8623 
3 1392 282 9405 
3 8922 4881 2118 
3 247 1666 952 
3 1030 1682 1150 
3 1368 5314 1053 
3 1722 7702 5305 
3 2940 4332 4087 
3 7336 2214 353 
3 5269 7676 2784 
3 4346 8335 7146 
3 4296 2901 7137 
3 2183 1240 7485 
3 9185 7723 5011 
3 807 8904 2362 
3 7351 5335 3613 
3 4560 5841 4033 
3 4707 1173 5039 
3 4045 3470 7879 
3 6728 5076 3000 
3 6695 5880 6672 
3 891 5830 878 
3 3524 3710 5452 
3 4368 7284 8145 
3 9408 8518 4023 
3 7955 3305 9404 
3 4569 1041 9791 
3 8327 3128 7028 
3 2339 126 1675 
3 7470 4528 7838 
3 2396 9203 4223 
3 2788 5435 3537 
3 5232 2156 8858 
3 1629 6624 624 
3 1945 340 5102 
3 3507 7776 6716 
3 4213 9141 9587 
3 7324 2209 386 
3 2849 5337 4319 
3 3569 3597 5911 
3 3594 5411 8999 
3 399 408 6943 
3 2071 50 991 
3 9841 9766 1156 
3 2626 4212 9095 
3 285 8260 8261 
3 7869 4183 3014 
3 5532 9216 9574 
3 5990 2250 4397 
3 3168 6785 3776 
3 7817 6941 2182 
3 7158 7214 7195 
3 9242 7935 8871 
3 4431 592 7173 
3 9983 1281 1759 
3 3238 1293 4382 
3 9231 3034 6779 
3 3465 8980 5520 
3 5524 366 941 
3 6816 2958 2648 
3 732 2615 9674 
3 6884 4878 1660 
3 6172 8687 2787 
3 6575 6298 6589 
3 345 6598 3653 
3 5144 2073 9857 
3 3514 5438 2737 
3 9492 6489 3764 
3 2960 3317 8935 
3 7746 685 9874 
3 5669 8743 9743 
3 7836 4647 8577 
3 755 2896 4615 
3 8343 6376 8830 
3 4129 1356 8296 
3 6911 1798 5402 
3 6439 8798 4800 
3 1007 8983 4778 
3 3397 6115 8290 
3 5647 8718 4282 
3 2867 2833 2830 
3 2177 9133 1362 
3 4101 1702 4083 
3 2429 2430 9163 
3 1780 1715 1390 
3 1791 2494 9033 
3 1449 1746 3013 
3 3005 2708 1482 
3 1823 2761 8690 
3 1927 9358 416 
3 5708 5743 4803 
3 5821 8281 5927 
3 4765 8288 6140 
3 6218 6349 5659 
3 7691 354 6532 
3 6587 8349 334 
3 8357 6847 6889 
3 4448 8066 5087 
3 8175 9705 873 
3 853 5065 5283 
3 813 925 5392 
3 7355 8208 8060 
3 4984 8042 5484 
3 8018 5525 5541 
3 731 705 7006 
3 7269 1193 7277 
3 9956 7520 7294 
3 7126 4391 4362 
3 7482 7904 1419 
3 4785 7141 7926 
3 664 4824 7952 
3 5988 9378 6047 
3 4772 7056 7506 
3 1779 9654 1784 
3 9845 460 7767 
3 1034 7205 5154 
3 8149 7331 46 
3 905 7297 4278 
3 787 1600 3805 
3 3814 8072 1697 
3 8476 5425 9757 
3 5490 8480 7181 
3 7472 1659 5656 
3 9515 4190 5707 
3 6893 6385 9315 
3 4071 2501 2539 
3 7560 2559 4204 
3 6394 6657 9110 
3 7012 6601 8341 
3 9919 2441 6333 
3 7004 1175 2639 
3 243 212 2487 
3 2682 4061 7612 
3 2434 2493 5687 
3 2114 1657 7598 
3 7188 6861 2041 
3 3468 100 5564 
3 9915 3592 8460 
3 7354 2189 6995 
3 231 29 8704 
3 3650 9277 790 
3 5433 6951 6926 
3 9739 2576 2256 
3 8057 2616 8051 
3 751 501 584 
3 3140 7707 580 
3 6437 6424 9001 
3 3113 8909 9373 
3 8920 3163 3040 
3 490 9167 6346 
3 6335 6299 1894 
3 445 7747 6317 
3 9937 710 8799 
3 2113 692 9268 
3 1997 113 5711 
3 5716 8841 3429 
3 5775 351 5784 
3 7912 6568 5827 
3 9938 2438 6486 
3 6464 4210 4324 
3 4336 4779 9676 
3 4225 8531 8317 
3 8656 1204 4268 
3 4784 4481 3982 
3 8448 8488 1246 
3 4947 8182 1272 
3 4073 9034 9071 
3 2710 980 7947 
3 2738 2742 4118 
3 7685 5623 8358 
3 3900 8369 3886 
3 9103 6883 7563 
3 9760 8386 2496 
3 5459 7537 951 
3 3548 6214 3183 
3 6287 2995 474 
3 8885 3166 7860 
3 4776 1863 1760 
3 1397 4751 3989 
3 7846 3098 547 
3 2926 4626 1916 
3 8178 1914 9657 
3 9801 3967 4049 
3 1710 4719 1875 
3 5932 599 6292 
3 5955 5975 3767 
3 879 2315 3706 
3 7191 5226 4261 
3 1472 8126 4385 
3 946 3601 7468 
3 3661 830 2093 
3 3609 5326 3631 
3 2403 2261 84 
3 7234 2284 6997 
3 4974 7519 2394 
3 6465 8262 8710 
3 4652 2374 7714 
3 4805 560 1797 
3 8339 1051 7940 
3 2816 3304 5089 
3 4836 8917 6502 
3 9697 7497 2768 
3 2263 2119 1417 
3 5987 90 7769 
3 79 7449 3726 
3 8444 8869 852 
3 3998 3231 1560 
3 104 6362 3065 
3 8926 647 2880 
3 8324 8847 758 
3 6813 1446 9466 
3 9630 3421 8414 
3 4476 5031 2034 
3 7280 2625 4162 
3 4587 2534 1125 
3 5506 4168 6896 
3 933 8071 7366 
3 4295 1643 4485 
3 2547 3920 2414 
3 2482 1991 4366 
3 6626 5645 5667 
3 8394 6717 5445 
3 4472 166 5320 
3 1098 4970 2755 
3 3351 9077 7601 
3 5468 7435 7282 
3 2478 6238 1816 
3 3010 4401 7437 
3 6211 2135 2497 
3 6165 7806 7161 
3 6978 9056 317 
3 6449 6786 8489 
3 1921 4585 9306 
3 7044 8482 9335 
3 6397 9924 1906 
3 4383 2027 1121 
3 442 2440 8976 
3 4029 9202 2322 
3 4021 2321 7199 
3 969 3986 4909 
3 6032 6001 5502 
3 8884 9790 3182 
3 4815 5301 7874 
3 548 5318 661 
3 1630 9756 8088 
3 3604 9683 9497 
3 8216 5408 9688 
3 3139 8589 8621 
3 5567 1242 679 
3 3725 3433 4908 
3 8630 7974 8674 
3 694 8802 2868 
3 7285 9461 286 
3 5572 8352 3264 
3 2855 2894 1312 
3 5805 4067 4302 
3 1680 2893 8234 
3 7562 8378 3342 
3 6879 2606 5507 
3 7582 1069 7572 
3 6555 6895 9598 
3 6863 4849 7687 
3 4831 7428 8790 
3 2542 5500 6908 
3 4624 1637 5761 
3 488 913 5114 
3 1232 7867 535 
3 2992 3180 1486 
3 2387 9389 3770 
3 5071 543 8484 
3 8125 2350 3067 
3 6041 5248 9531 
3 861 9653 5204 
3 3143 5372 1900 
3 4378 8580 5334 
3 4730 7505 4744 
3 3733 2099 3232 
3 3740 8921 8295 
3 5307 2338 3103 
3 5103 2675 721 
3 2032 1520 7193 
3 2031 707 5605 
3 2015 9707 2654 
3 3723 109 5288 
3 4420 4395 8402 
3 5434 9753 4460 
3 9170 6954 8033 
3 3520 8723 2187 
3 7073 2613 8025 
3 2524 4250 3872 
3 1215 3659 2446 
3 1126 2053 843 
3 3456 9476 8664 
3 1028 1239 3946 
3 7930 454 665 
3 479 2822 5738 
3 5780 5737 3162 
3 2791 1394 8544 
3 2777 4862 6515 
3 7325 7720 387 
3 397 1425 7763 
3 3974 5843 2914 
3 426 2197 5846 
3 1896 5855 5858 
3 3071 6768 3999 
3 6729 330 5679 
3 2158 8285 1674 
3 4003 7619 2004 
3 4586 3036 7976 
3 497 6164 8937 
3 5348 8427 7765 
3 8184 2973 3200 
3 7070 2276 2965 
3 7242 7762 5871 
3 6092 8973 6091 
3 5344 5930 9831 
3 8943 6207 4338 
3 6013 8705 841 
3 3160 518 702 
3 4348 897 7084 
3 9472 3709 5143 
3 3713 4745 9827 
3 2130 6204 2984 
3 6071 3190 2040 
3 9288 1067 9518 
3 1926 4927 6608 
3 5704 4869 339 
3 4499 6667 6877 
3 9897 3359 276 
3 3779 8627 2037 
3 5695 9049 7630 
3 6732 718 9058 
3 7411 2714 2667 
3 9064 2670 7609 
3 1365 2938 6322 
3 7027 8315 3236 
3 4201 1048 2458 
3 2090 1255 4673 
3 4068 9402 747 
3 1913 4597 2815 
3 3462 8385 4303 
3 8769 7701 9925 
3 994 2078 2851 
3 1721 7538 9997 
3 36 3701 9809 
3 9731 1458 1456 
3 9452 9758 9510 
3 971 9442 9422 
3 981 1730 125 
3 1019 1785 1855 
3 9541 1089 9310 
3 2069 1325 9279 
3 1314 1144 6793 
3 5109 2644 4799 
3 8301 5976 6802 
3 3151 2923 2869 
3 6758 4364 7754 
3 9109 5735 5673 
3 3979 3589 8515 
3 2780 7784 2844 
3 8843 6194 4166 
3 4125 7816 3556 
3 6067 7837 6061 
3 4304 3388 2865 
3 3404 2679 5390 
3 6588 5571 9191 
3 7304 3711 5565 
3 6386 2302 4905 
3 4471 3093 4590 
3 3921 8622 7722 
3 6422 8949 5654 
3 4654 2445 4454 
3 5374 8243 2491 
3 5354 8706 3627 
3 5230 8905 3032 
3 3056 9396 1379 
3 4897 4181 4199 
3 1769 4872 8887 
3 4941 8892 1434 
3 625 4015 5650 
3 9783 1428 3960 
3 3699 8693 4024 
3 3957 779 3826 
3 8048 1455 9509 
3 5405 6241 3490 
3 5893 4051 8782 
3 5984 3148 6004 
3 3430 4081 5050 
3 5033 3319 506 
3 495 4152 8467 
3 4606 6820 7317 
3 8279 1017 2366 
3 7244 6872 1169 
3 4396 7456 2753 
3 9053 2637 2735 
3 7053 4350 9940 
3 4342 259 6970 
3 7328 2145 8483 
3 4253 344 1844 
3 8428 9112 9455 
3 9949 1617 5826 
3 5447 3815 8157 
3 8764 8041 1448 
3 167 4039 3868 
3 3459 9808 4349 
3 3829 223 7376 
3 7378 989 724 
3 5560 5555 9640 
3 5486 7358 9480 
3 9980 9979 9147 
3 7455 3908 1033 
3 3642 8024 7160 
3 7477 3970 7107 
3 1185 7503 1408 
3 3215 3094 3287 
3 4864 6597 2767 
3 3116 9351 6200 
3 3245 9040 3100 
3 4755 1772 4159 
3 2845 9012 4180 
3 4760 1310 1901 
3 3152 1676 6916 
3 5092 8953 8188 
3 6909 4086 3393 
3 9666 9878 9412 
3 8255 9916 2760 
3 4999 6523 6066 
3 1241 8481 4580 
3 4812 1104 8271 
3 3876 5394 1108 
3 1123 1274 8587 
3 8445 5069 1236 
3 4310 9708 8300 
3 4111 9537 927 
3 8574 4130 8226 
3 4145 1025 4749 
3 8416 1343 4418 
3 4759 4686 4680 
3 8217 3198 2640 
3 9947 1757 6303 
3 1752 6295 1748 
3 470 6251 9395 
3 1776 135 9113 
3 6217 6190 6182 
3 524 528 6086 
3 9817 266 2721 
3 9317 1950 1940 
3 1938 2778 2832 
3 9334 6855 2871 
3 116 8974 1893 
3 7575 6658 7029 
3 6461 368 6369 
3 7738 3732 5684 
3 6048 680 2132 
3 9782 2286 5597 
3 9477 713 3572 
3 8678 9992 3751 
3 3755 7396 7379 
3 8649 1457 5403 
3 7203 9967 3435 
3 9132 5971 5937 
3 9445 5878 3525 
3 1662 5818 9796 
3 569 52 7113 
3 7182 4589 4576 
3 99 4541 6991 
3 9939 4593 7035 
3 4743 7450 7348 
3 7323 9704 8054 
3 5440 8029 743 
3 5552 9740 5618 
3 8121 5634 5228 
3 7933 5221 5202 
3 5857 5999 6878 
3 6043 563 6103 
3 7811 4998 6236 
3 4968 440 429 
3 6360 7705 6503 
3 9898 6710 7597 
3 3682 4084 3931 
3 3571 8959 2507 
3 2519 9127 3603 
3 2581 3197 1828 
3 3081 2455 1795 
3 4114 8512 9290 
3 3742 1493 8666 
3 2638 2017 1792 
3 1463 1468 3387 
3 2945 1247 1641 
3 8765 3533 3535 
3 3377 4008 4536 
3 9228 1245 3384 
3 1112 3831 320 
3 1420 2904 6431 
3 8050 6418 6722 
3 6696 5319 8096 
3 7650 9353 6475 
3 2991 1398 3955 
3 7941 3380 3406 
3 588 539 3441 
3 3461 8825 6139 
3 655 3545 3550 
3 6159 8840 1603 
3 3778 1719 3576 
3 5629 5620 5590 
3 9388 5587 9381 
3 6325 1500 3766 
3 8914 5477 155 
3 2111 2369 914 
3 1360 9607 7021 
3 932 7034 2643 
3 2641 2413 9169 
3 1342 8520 9998 
3 73 7448 8514 
3 1251 7589 8280 
3 1014 9287 7452 
3 4241 7133 9116 
3 9125 2588 8192 
3 5186 2853 15 
3 2764 4601 7338 
3 4493 9923 2005 
3 9308 1380 2317 
3 8191 6980 5062 
3 2287 6221 7790 
3 3252 7082 7312 
3 2151 2465 2341 
3 551 9417 6084 
3 6116 3282 3336 
3 2290 35 3294 
3 6138 7226 9067 
3 375 6469 246 
3 6936 7680 2986 
3 6594 1879 6898 
3 2677 6736 2719 
3 2223 2943 8989 
3 8993 6867 1910 
3 7054 9850 1739 
3 102 6267 3185 
3 7114 1771 9953 
3 6327 3230 2618 
3 8910 205 9300 
3 6383 6408 2655 
3 6433 8120 1370 
3 4072 5116 882 
3 5119 4017 5165 
3 857 5243 5258 
3 9725 5016 5312 
3 8102 8092 5381 
3 8074 3858 5414 
3 3836 8046 5475 
3 8249 1072 4497 
3 4462 8403 4687 
3 4432 4276 4275 
3 1011 1257 4853 
3 9428 1280 4207 
3 4889 4903 4921 
3 1309 9567 944 
3 8207 929 9460 
3 5626 5933 9454 
3 1651 3436 8787 
3 3652 1573 9481 
3 663 5759 3390 
3 8800 2593 4264 
3 7169 7469 2063 
3 5004 3551 7144 
3 8492 7908 5000 
3 8538 5762 1300 
3 3288 7810 2609 
3 2048 8218 7039 
3 8225 4934 9093 
3 3285 3378 8362 
3 4543 8350 2247 
3 2217 2258 2273 
3 9420 4603 4459 
3 9824 8404 8795 
3 4722 7291 3460 
3 4347 2404 8457 
3 1244 7446 4748 
3 9441 4265 92 
3 1262 7189 6987 
3 9581 8490 3959 
3 783 9738 1842 
3 2989 5385 6552 
3 8691 350 9517 
3 1432 2975 1566 
3 2971 7641 6276 
3 6271 8971 8619 
3 7708 8069 770 
3 3720 3850 722 
3 8680 3130 3800 
3 6399 1790 8005 
3 8916 9494 6874 
3 1363 420 1367 
3 2014 3277 9467 
3 7552 8169 5112 
3 2684 6906 1387 
3 1577 9061 9918 
3 494 5139 3206 
3 5630 8575 1736 
3 9780 701 5270 
3 6795 3962 6775 
3 7774 5291 817 
